[[15.0, 0.05898],
 [15.0, 0.05491],
 [15.1, 0.05344],
 [15.2, 0.05339],
 [15.3, 0.05305],
 [15.5, 0.05267],
 [15.7, 0.05277],
 [15.8, 0.05211],
 [15.9, 0.05241],
 [16.1, 0.05197],
 [16.3, 0.05211],
 [16.5, 0.05185],
 [16.6, 0.05182],
 [16.8, 0.05151],
 [17.0, 0.0514],
 [17.2, 0.0513],
 [17.3, 0.05086],
 [17.5, 0.05105],
 [17.7, 0.05062],
 [17.9, 0.05059],
 [18.1, 0.05037],
 [18.3, 0.05023],
 [18.5, 0.05027],
 [18.7, 0.04983],
 [18.8, 0.04999],
 [19.0, 0.04951],
 [19.2, 0.04971],
 [19.4, 0.04943],
 [19.6, 0.0495],
 [19.7, 0.0494],
 [19.9, 0.04911],
 [20.1, 0.04901],
 [20.3, 0.04871],
 [20.5, 0.04879],
 [20.6, 0.04871],
 [20.8, 0.04846],
 [20.9, 0.04809],
 [21.1, 0.04805],
 [21.3, 0.04801],
 [21.5, 0.04766],
 [21.6, 0.04797],
 [21.8, 0.04733],
 [22.0, 0.04774],
 [22.2, 0.04719],
 [22.4, 0.0474],
 [22.5, 0.04702],
 [22.7, 0.04697],
 [22.8, 0.04711],
 [23.0, 0.04664],
 [23.2, 0.04674],
 [23.4, 0.0463],
 [23.5, 0.04639],
 [23.7, 0.04604],
 [23.8, 0.04612],
 [24.1, 0.04594],
 [24.2, 0.04573],
 [24.4, 0.04577],
 [24.5, 0.04549],
 [24.7, 0.04568],
 [24.9, 0.04525],
 [25.1, 0.04547],
 [25.2, 0.0451],
 [25.4, 0.04512],
 [25.5, 0.04503],
 [25.7, 0.04479],
 [25.9, 0.04483],
 [26.1, 0.04447],
 [26.2, 0.04459],
 [26.4, 0.04417],
 [26.5, 0.04432],
 [26.7, 0.04397],
 [26.9, 0.04396],
 [27.0, 0.04387],
 [27.2, 0.04369],
 [27.4, 0.04378],
 [27.6, 0.0434],
 [27.7, 0.04369],
 [27.9, 0.04325],
 [28.0, 0.04341],
 [28.2, 0.04314],
 [28.4, 0.04308],
 [28.5, 0.0431],
 [28.7, 0.04269],
 [28.9, 0.04288],
 [29.1, 0.04249],
 [29.2, 0.04267],
 [29.4, 0.04225],
 [29.5, 0.04232],
 [29.7, 0.04218],
 [29.9, 0.04202],
 [30.1, 0.04212],
 [30.2, 0.04172],
 [30.4, 0.04188],
 [30.6, 0.0415],
 [30.8, 0.0417],
 [30.9, 0.04146],
 [31.1, 0.04143],
 [31.2, 0.04134],
 [31.4, 0.0411],
 [31.6, 0.04115],
 [31.7, 0.04083],
 [31.9, 0.04096],
 [32.1, 0.04055],
 [32.3, 0.04072],
 [32.4, 0.04041],
 [32.6, 0.04039],
 [32.7, 0.04038],
 [32.9, 0.04007],
 [33.1, 0.0403],
 [33.3, 0.0399],
 [33.4, 0.04017],
 [33.6, 0.03976],
 [33.7, 0.03987],
 [33.9, 0.03969],
 [34.1, 0.03958],
 [34.3, 0.03959],
 [34.4, 0.03927],
 [34.5, 0.03936],
 [34.7, 0.03898],
 [34.9, 0.03913],
 [35.1, 0.03876],
 [35.3, 0.03879],
 [35.4, 0.03869],
 [35.6, 0.03856],
 [35.8, 0.03872],
 [35.9, 0.03828],
 [36.1, 0.03854],
 [36.3, 0.03809],
 [36.4, 0.03831],
 [36.6, 0.03801],
 [36.8, 0.03807],
 [36.9, 0.03795],
 [37.1, 0.03771],
 [37.3, 0.03782],
 [37.5, 0.03742],
 [37.6, 0.03761],
 [37.8, 0.03719],
 [37.9, 0.03738],
 [38.1, 0.03703],
 [38.3, 0.037],
 [38.4, 0.03696],
 [38.6, 0.03667],
 [38.8, 0.0369],
 [38.9, 0.03645],
 [39.0, 0.03671],
 [39.3, 0.03633],
 [39.4, 0.03648],
 [39.6, 0.03628],
 [39.7, 0.03617],
 [39.9, 0.03616],
 [40.1, 0.03586],
 [40.2, 0.03602],
 [40.4, 0.03564],
 [40.6, 0.0358],
 [40.7, 0.03543],
 [40.9, 0.03541],
 [41.1, 0.03534],
 [41.2, 0.03512],
 [41.4, 0.03519],
 [41.6, 0.03482],
 [41.8, 0.03507],
 [42.0, 0.03464],
 [42.1, 0.03485],
 [42.3, 0.03457],
 [42.5, 0.0346],
 [42.6, 0.03455],
 [42.8, 0.03416],
 [42.9, 0.03436],
 [43.1, 0.03399],
 [43.3, 0.03416],
 [43.5, 0.03376],
 [43.6, 0.0339],
 [43.8, 0.03367],
 [43.9, 0.03352],
 [44.1, 0.03351],
 [44.3, 0.03323],
 [44.4, 0.03349],
 [44.5, 0.033],
 [44.8, 0.03323],
 [44.9, 0.03292],
 [45.1, 0.03303],
 [45.3, 0.03282],
 [45.4, 0.03262],
 [45.6, 0.03267],
 [45.8, 0.03236],
 [46.0, 0.0325],
 [46.1, 0.03204],
 [46.2, 0.03219],
 [46.4, 0.03189],
 [46.6, 0.03193],
 [46.7, 0.03179],
 [46.9, 0.03161],
 [47.1, 0.03172],
 [47.3, 0.03139],
 [47.4, 0.03152],
 [47.6, 0.03112],
 [47.7, 0.03117],
 [47.9, 0.03104],
 [48.1, 0.03109],
 [48.2, 0.03094],
 [48.4, 0.03063],
 [48.6, 0.03079],
 [48.8, 0.0304],
 [48.9, 0.03055],
 [49.1, 0.03015],
 [49.3, 0.03024],
 [49.4, 0.03002],
 [49.6, 0.02988],
 [49.8, 0.02994],
 [49.9, 0.02963],
 [50.1, 0.02984],
 [50.3, 0.02943],
 [50.4, 0.02966],
 [50.6, 0.02931],
 [50.7, 0.02941],
 [50.9, 0.02927],
 [51.1, 0.02926],
 [51.2, 0.02912],
 [51.4, 0.02884],
 [51.6, 0.02897],
 [51.8, 0.02857],
 [51.9, 0.02865],
 [52.1, 0.0283],
 [52.3, 0.0285],
 [52.4, 0.02825],
 [52.6, 0.02828],
 [52.8, 0.02816],
 [52.9, 0.02767],
 [53.1, 0.02797],
 [53.2, 0.02763],
 [53.4, 0.02781],
 [53.6, 0.02751],
 [53.8, 0.02752],
 [54.0, 0.0272],
 [54.1, 0.02713],
 [54.3, 0.02716],
 [54.4, 0.02684],
 [54.6, 0.02699],
 [54.8, 0.02659],
 [55.0, 0.02688],
 [55.1, 0.02649],
 [55.3, 0.02666],
 [55.4, 0.0264],
 [55.6, 0.02634],
 [55.8, 0.02624],
 [55.9, 0.02601],
 [56.1, 0.02621],
 [56.3, 0.02576],
 [56.4, 0.02597],
 [56.6, 0.02554],
 [56.7, 0.02558],
 [56.9, 0.02546],
 [57.1, 0.02527],
 [57.3, 0.02537],
 [57.5, 0.02496],
 [57.6, 0.02523],
 [57.8, 0.0248],
 [57.9, 0.02498],
 [58.1, 0.02473],
 [58.2, 0.02474],
 [58.4, 0.0247],
 [58.6, 0.02443],
 [58.7, 0.02455],
 [58.9, 0.02418],
 [59.1, 0.02431],
 [59.3, 0.02389],
 [59.4, 0.02402],
 [59.6, 0.02375],
 [59.8, 0.02365],
 [60.0, 0.0237]]
