[[14.8, 0.1603],
 [14.8, 0.1499],
 [14.9, 0.1494],
 [15.1, 0.1462],
 [15.2, 0.146],
 [15.4, 0.1445],
 [15.6, 0.1433],
 [15.8, 0.1423],
 [15.9, 0.1418],
 [16.1, 0.1407],
 [16.3, 0.1398],
 [16.4, 0.1393],
 [16.6, 0.1388],
 [16.8, 0.1382],
 [17.0, 0.1384],
 [17.2, 0.1369],
 [17.4, 0.1373],
 [17.5, 0.1367],
 [17.7, 0.136],
 [17.9, 0.1358],
 [18.0, 0.1353],
 [18.3, 0.1346],
 [18.5, 0.134],
 [18.6, 0.1334],
 [18.8, 0.1328],
 [19.0, 0.133],
 [19.1, 0.1328],
 [19.3, 0.1326],
 [19.5, 0.1322],
 [19.7, 0.1316],
 [19.9, 0.1318],
 [20.0, 0.1306],
 [20.2, 0.1309],
 [20.4, 0.1304],
 [20.5, 0.1306],
 [20.7, 0.129],
 [20.9, 0.129],
 [21.1, 0.1284],
 [21.3, 0.128],
 [21.5, 0.1277],
 [21.6, 0.1273],
 [21.8, 0.1286],
 [21.9, 0.1271],
 [22.1, 0.1263],
 [22.3, 0.1259],
 [22.4, 0.1259],
 [22.6, 0.1255],
 [22.8, 0.1247],
 [23.0, 0.1252],
 [23.2, 0.1245],
 [23.3, 0.1243],
 [23.5, 0.1236],
 [23.7, 0.1231],
 [23.8, 0.123],
 [24.0, 0.1225],
 [24.2, 0.1226],
 [24.3, 0.1225],
 [24.5, 0.1221],
 [24.7, 0.1224],
 [24.9, 0.122],
 [25.0, 0.1216],
 [25.2, 0.1207],
 [25.4, 0.1217],
 [25.6, 0.1205],
 [25.7, 0.1202],
 [25.9, 0.1194],
 [26.0, 0.1202],
 [26.2, 0.1198],
 [26.4, 0.1191],
 [26.5, 0.1186],
 [26.7, 0.1182],
 [26.9, 0.1183],
 [27.0, 0.1185],
 [27.2, 0.1183],
 [27.3, 0.1171],
 [27.5, 0.1172],
 [27.7, 0.1172],
 [27.9, 0.1175],
 [28.1, 0.1163],
 [28.3, 0.1167],
 [28.4, 0.1166],
 [28.5, 0.1164],
 [28.7, 0.1158],
 [28.9, 0.1154],
 [29.1, 0.1154],
 [29.2, 0.1148],
 [29.4, 0.1146],
 [29.6, 0.1146],
 [29.7, 0.1139],
 [29.9, 0.1139],
 [30.1, 0.1137],
 [30.3, 0.1136],
 [30.4, 0.1127],
 [30.5, 0.1124],
 [30.7, 0.1124],
 [30.9, 0.1123],
 [31.1, 0.1123],
 [31.2, 0.112],
 [31.4, 0.111],
 [31.6, 0.1103],
 [31.7, 0.1109],
 [31.9, 0.1109],
 [32.1, 0.1102],
 [32.2, 0.11],
 [32.4, 0.1096],
 [32.6, 0.1093],
 [32.8, 0.1089],
 [32.9, 0.1092],
 [33.1, 0.1084],
 [33.3, 0.1085],
 [33.4, 0.1079],
 [33.6, 0.1077],
 [33.7, 0.1077],
 [33.9, 0.1073],
 [34.1, 0.1069],
 [34.2, 0.1059],
 [34.4, 0.1064],
 [34.6, 0.1058],
 [34.8, 0.1058],
 [34.9, 0.1054],
 [35.0, 0.1049],
 [35.2, 0.1051],
 [35.4, 0.1045],
 [35.6, 0.1048],
 [35.7, 0.1049],
 [35.9, 0.1045],
 [36.1, 0.1034],
 [36.2, 0.1036],
 [36.4, 0.1033],
 [36.6, 0.1031],
 [36.8, 0.1024],
 [36.9, 0.1021],
 [37.0, 0.1026],
 [37.3, 0.1015],
 [37.4, 0.1011],
 [37.6, 0.1009],
 [37.7, 0.1008],
 [37.9, 0.1005],
 [38.1, 0.1003],
 [38.3, 0.09975],
 [38.4, 0.09971],
 [38.6, 0.0999],
 [38.8, 0.09906],
 [38.9, 0.0994],
 [39.1, 0.0987],
 [39.2, 0.09818],
 [39.4, 0.09833],
 [39.6, 0.09778],
 [39.8, 0.09795],
 [39.9, 0.09701],
 [40.0, 0.09647],
 [40.2, 0.09608],
 [40.4, 0.09617],
 [40.6, 0.09575],
 [40.8, 0.09543],
 [40.9, 0.09582],
 [41.1, 0.09506],
 [41.3, 0.09508],
 [41.4, 0.09455],
 [41.6, 0.09443],
 [41.8, 0.0936],
 [41.9, 0.09384],
 [42.1, 0.09346],
 [42.3, 0.09333],
 [42.4, 0.09324],
 [42.6, 0.09341],
 [42.8, 0.09259],
 [42.9, 0.09185],
 [43.1, 0.09191],
 [43.2, 0.09148],
 [43.4, 0.09119],
 [43.6, 0.0915],
 [43.8, 0.09085],
 [43.9, 0.09059],
 [44.1, 0.09009],
 [44.3, 0.08989],
 [44.5, 0.08928],
 [44.6, 0.08928],
 [44.7, 0.08849],
 [44.9, 0.08828],
 [45.1, 0.08767],
 [45.3, 0.08771],
 [45.4, 0.08728],
 [45.6, 0.08702],
 [45.8, 0.08732],
 [45.9, 0.08668],
 [46.1, 0.08653],
 [46.3, 0.08592],
 [46.4, 0.08587],
 [46.6, 0.08576],
 [46.8, 0.08511],
 [46.9, 0.08538],
 [47.1, 0.08449],
 [47.3, 0.08454],
 [47.4, 0.0841],
 [47.6, 0.08397],
 [47.8, 0.0832],
 [47.9, 0.08258],
 [48.1, 0.0829],
 [48.3, 0.08235],
 [48.4, 0.08237],
 [48.5, 0.08161],
 [48.7, 0.08149],
 [48.9, 0.08076],
 [49.1, 0.08073],
 [49.3, 0.08066],
 [49.4, 0.08001],
 [49.6, 0.08015],
 [49.8, 0.07977],
 [50.0, 0.0798],
 [50.1, 0.0792],
 [50.3, 0.07931],
 [50.4, 0.07846],
 [50.6, 0.07817],
 [50.7, 0.07749],
 [50.9, 0.07697],
 [51.1, 0.07706],
 [51.3, 0.07648],
 [51.5, 0.0763],
 [51.6, 0.07606],
 [51.8, 0.07571],
 [52.0, 0.07507],
 [52.2, 0.07474],
 [52.3, 0.07473],
 [52.5, 0.0741],
 [52.6, 0.07411],
 [52.8, 0.07395],
 [52.9, 0.07349],
 [53.1, 0.07303],
 [53.2, 0.07305],
 [53.4, 0.07276],
 [53.6, 0.07253],
 [53.7, 0.07246],
 [54.0, 0.07204],
 [54.1, 0.07141],
 [54.3, 0.07099],
 [54.4, 0.0704],
 [54.6, 0.07016],
 [54.8, 0.07016],
 [54.9, 0.06973],
 [55.1, 0.06947],
 [55.3, 0.06939],
 [55.4, 0.06851],
 [55.6, 0.06856],
 [55.8, 0.06803],
 [56.0, 0.06783],
 [56.1, 0.06745],
 [56.3, 0.06724],
 [56.5, 0.06708],
 [56.6, 0.06646],
 [56.8, 0.06648],
 [57.0, 0.06592],
 [57.1, 0.06557],
 [57.3, 0.06495],
 [57.4, 0.06507],
 [57.6, 0.06467],
 [57.8, 0.06445],
 [57.9, 0.06445],
 [58.1, 0.06378],
 [58.3, 0.06373],
 [58.4, 0.06324],
 [58.5, 0.06331],
 [58.7, 0.06255],
 [58.9, 0.06218],
 [59.1, 0.0621],
 [59.3, 0.0615],
 [59.5, 0.06132],
 [59.6, 0.06103],
 [59.8, 0.06087],
 [59.9, 0.06054]]
