[[14.8, 0.05104],
 [14.8, 0.0473],
 [14.9, 0.04714],
 [15.0, 0.04689],
 [15.2, 0.04691],
 [15.4, 0.04637],
 [15.5, 0.04666],
 [15.7, 0.04633],
 [15.9, 0.04635],
 [16.1, 0.046],
 [16.3, 0.04605],
 [16.4, 0.04601],
 [16.6, 0.04565],
 [16.8, 0.04576],
 [16.9, 0.04522],
 [17.2, 0.04531],
 [17.4, 0.04504],
 [17.5, 0.04502],
 [17.7, 0.0449],
 [17.9, 0.04478],
 [18.0, 0.04485],
 [18.2, 0.04429],
 [18.4, 0.04461],
 [18.5, 0.04401],
 [18.8, 0.04446],
 [18.9, 0.04396],
 [19.1, 0.04403],
 [19.3, 0.04381],
 [19.5, 0.04363],
 [19.6, 0.04359],
 [19.8, 0.04339],
 [20.0, 0.04337],
 [20.2, 0.04285],
 [20.3, 0.043],
 [20.5, 0.04275],
 [20.7, 0.04273],
 [20.9, 0.04272],
 [21.1, 0.04248],
 [21.3, 0.04255],
 [21.4, 0.04224],
 [21.6, 0.04251],
 [21.7, 0.04222],
 [21.9, 0.04229],
 [22.1, 0.04207],
 [22.3, 0.04195],
 [22.4, 0.04211],
 [22.7, 0.04171],
 [22.8, 0.04175],
 [23.0, 0.04142],
 [23.1, 0.04166],
 [23.3, 0.04106],
 [23.5, 0.04114],
 [23.6, 0.04114],
 [23.8, 0.0409],
 [24.0, 0.04101],
 [24.2, 0.04059],
 [24.4, 0.04068],
 [24.5, 0.04029],
 [24.7, 0.04056],
 [24.8, 0.04041],
 [25.0, 0.0403],
 [25.2, 0.0403],
 [25.3, 0.03997],
 [25.5, 0.04006],
 [25.7, 0.03957],
 [25.9, 0.03975],
 [26.0, 0.03943],
 [26.2, 0.0396],
 [26.4, 0.03938],
 [26.6, 0.03929],
 [26.7, 0.03925],
 [26.9, 0.03899],
 [27.0, 0.03917],
 [27.2, 0.03884],
 [27.4, 0.03914],
 [27.5, 0.03873],
 [27.7, 0.03881],
 [27.9, 0.03862],
 [28.0, 0.03841],
 [28.2, 0.03838],
 [28.4, 0.03801],
 [28.5, 0.03823],
 [28.7, 0.0378],
 [28.9, 0.03809],
 [29.1, 0.03777],
 [29.2, 0.03771],
 [29.4, 0.03755],
 [29.6, 0.0374],
 [29.7, 0.03747],
 [29.9, 0.03702],
 [30.1, 0.03728],
 [30.2, 0.037],
 [30.4, 0.03724],
 [30.5, 0.03696],
 [30.7, 0.03713],
 [30.9, 0.03684],
 [31.0, 0.03662],
 [31.2, 0.03674],
 [31.4, 0.03629],
 [31.6, 0.0366],
 [31.8, 0.03618],
 [31.9, 0.03622],
 [32.1, 0.03596],
 [32.2, 0.03589],
 [32.4, 0.03588],
 [32.6, 0.03572],
 [32.7, 0.03598],
 [32.9, 0.03558],
 [33.1, 0.03599],
 [33.2, 0.03571],
 [33.4, 0.03559],
 [33.6, 0.03537],
 [33.7, 0.03524],
 [33.9, 0.03526],
 [34.1, 0.03492],
 [34.2, 0.03518],
 [34.4, 0.03482],
 [34.6, 0.03488],
 [34.7, 0.03445],
 [34.9, 0.03472],
 [35.1, 0.03441],
 [35.2, 0.03442],
 [35.4, 0.03444],
 [35.5, 0.03392],
 [35.7, 0.03442],
 [35.9, 0.034],
 [36.1, 0.03422],
 [36.3, 0.03418],
 [36.4, 0.03417],
 [36.6, 0.03398],
 [36.8, 0.03395],
 [36.9, 0.03389],
 [37.1, 0.03336],
 [37.3, 0.03351],
 [37.4, 0.03319],
 [37.6, 0.03346],
 [37.7, 0.03311],
 [37.9, 0.03301],
 [38.1, 0.03297],
 [38.3, 0.03252],
 [38.4, 0.0328],
 [38.6, 0.03248],
 [38.7, 0.03275],
 [38.9, 0.03243],
 [39.1, 0.03267],
 [39.3, 0.03252],
 [39.4, 0.03228],
 [39.6, 0.03229],
 [39.8, 0.03215],
 [39.9, 0.03241],
 [40.0, 0.03186],
 [40.2, 0.03208],
 [40.4, 0.03176],
 [40.6, 0.03171],
 [40.7, 0.03167],
 [40.9, 0.03141],
 [41.1, 0.03163],
 [41.3, 0.03111],
 [41.4, 0.03129],
 [41.6, 0.03091],
 [41.7, 0.03116],
 [41.9, 0.03086],
 [42.1, 0.03078],
 [42.2, 0.03076],
 [42.4, 0.03055],
 [42.6, 0.03075],
 [42.8, 0.03022],
 [43.0, 0.03032],
 [43.1, 0.03],
 [43.3, 0.03023],
 [43.4, 0.02996],
 [43.6, 0.0298],
 [43.7, 0.02991],
 [43.9, 0.02967],
 [44.1, 0.02991],
 [44.3, 0.02936],
 [44.4, 0.02954],
 [44.6, 0.02926],
 [44.8, 0.02927],
 [44.9, 0.02917],
 [45.1, 0.02904],
 [45.3, 0.02883],
 [45.4, 0.02869],
 [45.6, 0.0288],
 [45.7, 0.02827],
 [45.9, 0.02847],
 [46.1, 0.02821],
 [46.3, 0.02818],
 [46.4, 0.02819],
 [46.6, 0.028],
 [46.8, 0.02817],
 [47.0, 0.02787],
 [47.1, 0.02809],
 [47.3, 0.02775],
 [47.4, 0.02801],
 [47.6, 0.02762],
 [47.8, 0.02772],
 [47.9, 0.02765],
 [48.1, 0.02739],
 [48.2, 0.02744],
 [48.4, 0.02689],
 [48.6, 0.02712],
 [48.8, 0.02678],
 [48.9, 0.02683],
 [49.1, 0.02659],
 [49.3, 0.02653],
 [49.4, 0.02651],
 [49.6, 0.02618],
 [49.8, 0.02646],
 [49.9, 0.02606],
 [50.1, 0.02625],
 [50.3, 0.02591],
 [50.4, 0.02604],
 [50.6, 0.02582],
 [50.7, 0.02556],
 [51.0, 0.02573],
 [51.1, 0.02549],
 [51.3, 0.02547],
 [51.4, 0.02507],
 [51.6, 0.0253],
 [51.8, 0.02499],
 [51.9, 0.02531],
 [52.1, 0.02494],
 [52.3, 0.0249],
 [52.4, 0.02498],
 [52.6, 0.02442],
 [52.8, 0.02479],
 [53.0, 0.02428],
 [53.1, 0.02455],
 [53.3, 0.02409],
 [53.4, 0.02422],
 [53.6, 0.02394],
 [53.8, 0.02383],
 [53.9, 0.0239],
 [54.1, 0.02357],
 [54.3, 0.02373],
 [54.4, 0.02335],
 [54.6, 0.02359],
 [54.8, 0.02325],
 [54.9, 0.02328],
 [55.1, 0.0232],
 [55.3, 0.02307],
 [55.5, 0.02293],
 [55.6, 0.02273],
 [55.8, 0.02295],
 [55.9, 0.02247],
 [56.1, 0.02254],
 [56.3, 0.02226],
 [56.4, 0.02232],
 [56.6, 0.02221],
 [56.8, 0.02199],
 [57.0, 0.02218],
 [57.1, 0.02166],
 [57.3, 0.02192],
 [57.4, 0.02159],
 [57.6, 0.0218],
 [57.8, 0.02153],
 [57.9, 0.02152],
 [58.1, 0.02149],
 [58.2, 0.02124],
 [58.4, 0.02147],
 [58.6, 0.0209],
 [58.8, 0.02103],
 [58.9, 0.0207],
 [59.1, 0.02078],
 [59.3, 0.02063],
 [59.4, 0.02044],
 [59.6, 0.02056],
 [59.7, 0.02013],
 [60.0, 0.02041]]
