[[14.9, 0.0112],
 [14.8, 0.01023],
 [14.9, 0.01053],
 [14.9, 0.01032],
 [15.1, 0.01044],
 [15.3, 0.0104],
 [15.5, 0.01031],
 [15.7, 0.0105],
 [15.9, 0.01018],
 [16.0, 0.01049],
 [16.2, 0.01013],
 [16.4, 0.01038],
 [16.6, 0.01016],
 [16.8, 0.01023],
 [16.9, 0.01026],
 [17.1, 0.0101],
 [17.3, 0.01036],
 [17.5, 0.01004],
 [17.6, 0.01038],
 [17.8, 0.01007],
 [18.0, 0.0103],
 [18.2, 0.01017],
 [18.4, 0.01015],
 [18.6, 0.01024],
 [18.8, 0.01001],
 [18.9, 0.01019],
 [19.1, 0.009832],
 [19.2, 0.01005],
 [19.4, 0.009756],
 [19.6, 0.009932],
 [19.8, 0.009810000000000001],
 [20.0, 0.009742],
 [20.1, 0.009847],
 [20.4, 0.009583000000000001],
 [20.5, 0.009901],
 [20.7, 0.00957],
 [20.9, 0.009858],
 [21.1, 0.009595000000000001],
 [21.2, 0.009706],
 [21.4, 0.009631],
 [21.5, 0.009533],
 [21.7, 0.009679],
 [21.9, 0.009327],
 [22.1, 0.009609],
 [22.2, 0.009234000000000001],
 [22.4, 0.009441000000000001],
 [22.6, 0.009246],
 [22.8, 0.009273],
 [22.9, 0.009266],
 [23.1, 0.009068],
 [23.3, 0.009334],
 [23.4, 0.008992000000000002],
 [23.6, 0.009330999999999999],
 [23.8, 0.009014],
 [24.0, 0.009227],
 [24.2, 0.009073000000000001],
 [24.3, 0.009079],
 [24.5, 0.009084],
 [24.6, 0.008878],
 [24.8, 0.009067],
 [25.0, 0.008726000000000001],
 [25.2, 0.009001],
 [25.4, 0.008676999999999999],
 [25.5, 0.008804000000000001],
 [25.7, 0.00871],
 [25.9, 0.008597],
 [26.0, 0.008755],
 [26.2, 0.008496],
 [26.3, 0.008819],
 [26.5, 0.008461],
 [26.7, 0.008718],
 [26.9, 0.008506],
 [27.0, 0.008622999999999999],
 [27.2, 0.008579000000000002],
 [27.4, 0.008432],
 [27.6, 0.008593],
 [27.7, 0.008247],
 [27.8, 0.008539],
 [28.0, 0.008156],
 [28.2, 0.008391000000000001],
 [28.3, 0.008176000000000001],
 [28.5, 0.008201],
 [28.7, 0.00825],
 [28.9, 0.008039],
 [29.0, 0.008313000000000001],
 [29.2, 0.00796],
 [29.4, 0.008294000000000001],
 [29.5, 0.007993],
 [29.7, 0.008201],
 [29.9, 0.007891],
 [30.0, 0.008054],
 [30.2, 0.008135],
 [30.4, 0.007865],
 [30.5, 0.008102999999999999],
 [30.7, 0.007731],
 [30.9, 0.007997],
 [31.1, 0.007690000000000001],
 [31.3, 0.007821],
 [31.4, 0.007764],
 [31.6, 0.007633],
 [31.7, 0.0078060000000000004],
 [31.9, 0.0075250000000000004],
 [32.1, 0.007856],
 [32.2, 0.007538],
 [32.4, 0.0078060000000000004],
 [32.6, 0.007442000000000001],
 [32.7, 0.007683],
 [32.9, 0.007660999999999999],
 [33.1, 0.007503],
 [33.3, 0.007656],
 [33.4, 0.007327],
 [33.6, 0.007645],
 [33.7, 0.007245000000000001],
 [33.9, 0.007598],
 [34.1, 0.007295],
 [34.2, 0.0075320000000000005],
 [34.4, 0.007370000000000001],
 [34.6, 0.007161],
 [34.7, 0.007449],
 [34.9, 0.007209],
 [35.1, 0.007364],
 [35.3, 0.007057000000000001],
 [35.4, 0.007265],
 [35.6, 0.007033],
 [35.7, 0.0071790000000000005],
 [35.9, 0.007078],
 [36.1, 0.007013],
 [36.2, 0.0071460000000000004],
 [36.4, 0.00687],
 [36.6, 0.007201],
 [36.7, 0.006889],
 [36.9, 0.0071920000000000005],
 [37.1, 0.0069240000000000005],
 [37.3, 0.007073],
 [37.4, 0.007007],
 [37.5, 0.006925],
 [37.8, 0.007056],
 [37.9, 0.006734],
 [38.1, 0.0070090000000000005],
 [38.3, 0.006657000000000001],
 [38.4, 0.006909],
 [38.6, 0.0066879999999999995],
 [38.7, 0.006723],
 [39.0, 0.006741],
 [39.1, 0.006566],
 [39.3, 0.006836],
 [39.4, 0.006495],
 [39.6, 0.006829],
 [39.8, 0.006534],
 [39.9, 0.006753],
 [40.0, 0.006612],
 [40.2, 0.006632],
 [40.4, 0.0066820000000000004],
 [40.6, 0.006464],
 [40.8, 0.006677],
 [40.9, 0.006338],
 [41.1, 0.006613000000000001],
 [41.3, 0.006304000000000001],
 [41.4, 0.006475],
 [41.6, 0.006354],
 [41.8, 0.006304000000000001],
 [41.9, 0.006423],
 [42.1, 0.006186],
 [42.3, 0.006500000000000001],
 [42.4, 0.0061849999999999995],
 [42.6, 0.006473],
 [42.8, 0.0062439999999999996],
 [42.9, 0.006386],
 [43.1, 0.006313],
 [43.2, 0.006213000000000001],
 [43.4, 0.00636],
 [43.6, 0.006058],
 [43.8, 0.00635],
 [43.9, 0.0059640000000000006],
 [44.1, 0.006211],
 [44.3, 0.0060160000000000005],
 [44.4, 0.0060279999999999995],
 [44.6, 0.006103],
 [44.8, 0.005971000000000001],
 [44.9, 0.00619],
 [45.1, 0.005842],
 [45.2, 0.006161],
 [45.4, 0.005888],
 [45.6, 0.0060940000000000005],
 [45.8, 0.0060019999999999995],
 [45.9, 0.005983],
 [46.1, 0.006069],
 [46.3, 0.005842],
 [46.4, 0.0060880000000000005],
 [46.6, 0.005719],
 [46.8, 0.005995],
 [46.9, 0.005672],
 [47.1, 0.0058460000000000005],
 [47.3, 0.005768],
 [47.4, 0.005699],
 [47.7, 0.0058460000000000005],
 [47.8, 0.005613000000000001],
 [48.0, 0.005927],
 [48.2, 0.005601],
 [48.3, 0.005904],
 [48.4, 0.005649],
 [48.6, 0.005779],
 [48.8, 0.005763],
 [48.9, 0.005658000000000001],
 [49.1, 0.005804],
 [49.3, 0.0054800000000000005],
 [49.4, 0.005762],
 [49.6, 0.0054210000000000005],
 [49.8, 0.005655],
 [49.9, 0.005451],
 [50.1, 0.00551],
 [50.2, 0.0055450000000000004],
 [50.5, 0.005372],
 [50.6, 0.005646],
 [50.8, 0.0053289999999999995],
 [50.9, 0.005642],
 [51.1, 0.0053609999999999994],
 [51.3, 0.0055839999999999996],
 [51.4, 0.005468],
 [51.6, 0.005461000000000001],
 [51.8, 0.005551],
 [51.9, 0.005324],
 [52.0, 0.005569],
 [52.2, 0.005212],
 [52.4, 0.005489],
 [52.6, 0.005205],
 [52.8, 0.0053750000000000004],
 [52.9, 0.00528],
 [53.1, 0.005195],
 [53.2, 0.005359],
 [53.5, 0.005113],
 [53.6, 0.0054459999999999995],
 [53.8, 0.005115000000000001],
 [53.9, 0.0054020000000000006],
 [54.1, 0.005197],
 [54.3, 0.005301],
 [54.4, 0.005309],
 [54.6, 0.00517],
 [54.8, 0.005341],
 [54.9, 0.005030000000000001],
 [55.1, 0.0053170000000000005],
 [55.3, 0.00496],
 [55.4, 0.005199],
 [55.6, 0.005005],
 [55.8, 0.005070000000000001],
 [56.0, 0.005119],
 [56.1, 0.0049429999999999995],
 [56.3, 0.005223],
 [56.4, 0.004888],
 [56.6, 0.00521],
 [56.8, 0.004967],
 [56.9, 0.005152],
 [57.1, 0.005033],
 [57.2, 0.005035],
 [57.5, 0.005128000000000001],
 [57.6, 0.004868000000000001],
 [57.8, 0.005222000000000001],
 [57.9, 0.004782],
 [58.1, 0.005043000000000001],
 [58.3, 0.004802],
 [58.4, 0.004936],
 [58.6, 0.004866],
 [58.8, 0.004765],
 [59.0, 0.004980000000000001],
 [59.1, 0.0046630000000000005],
 [59.3, 0.004997],
 [59.4, 0.004726],
 [59.6, 0.0050490000000000005],
 [59.8, 0.00483],
 [60.0, 0.004926000000000001]]
