[[14.9, 0.2062],
 [15.0, 0.2006],
 [15.0, 0.1975],
 [15.2, 0.1957],
 [15.3, 0.1941],
 [15.5, 0.1926],
 [15.6, 0.1914],
 [15.8, 0.1904],
 [16.0, 0.1903],
 [16.1, 0.1886],
 [16.3, 0.1891],
 [16.5, 0.1882],
 [16.7, 0.187],
 [16.8, 0.1863],
 [17.0, 0.186],
 [17.2, 0.1852],
 [17.4, 0.1841],
 [17.6, 0.1841],
 [17.8, 0.1844],
 [18.0, 0.1831],
 [18.1, 0.182],
 [18.3, 0.1817],
 [18.5, 0.1819],
 [18.6, 0.1814],
 [18.9, 0.1805],
 [19.0, 0.1792],
 [19.2, 0.1799],
 [19.4, 0.178],
 [19.6, 0.178],
 [19.7, 0.1775],
 [19.9, 0.1772],
 [20.1, 0.1769],
 [20.2, 0.1764],
 [20.4, 0.1764],
 [20.6, 0.1749],
 [20.8, 0.1742],
 [21.0, 0.174],
 [21.1, 0.1737],
 [21.3, 0.1742],
 [21.5, 0.1732],
 [21.6, 0.1725],
 [21.8, 0.1723],
 [22.0, 0.1719],
 [22.1, 0.171],
 [22.3, 0.1712],
 [22.5, 0.1698],
 [22.6, 0.17],
 [22.8, 0.1696],
 [23.0, 0.1689],
 [23.2, 0.168],
 [23.4, 0.1683],
 [23.5, 0.1679],
 [23.7, 0.1669],
 [23.8, 0.1672],
 [24.0, 0.1666],
 [24.2, 0.1652],
 [24.4, 0.1653],
 [24.6, 0.1651],
 [24.7, 0.1649],
 [24.9, 0.1638],
 [25.1, 0.164],
 [25.2, 0.1633],
 [25.4, 0.1633],
 [25.5, 0.1633],
 [25.7, 0.1623],
 [25.9, 0.1621],
 [26.1, 0.1624],
 [26.2, 0.1615],
 [26.4, 0.1611],
 [26.5, 0.1612],
 [26.7, 0.1605],
 [26.9, 0.1604],
 [27.1, 0.1594],
 [27.2, 0.1585],
 [27.4, 0.1583],
 [27.5, 0.1578],
 [27.7, 0.1582],
 [27.9, 0.1579],
 [28.0, 0.1579],
 [28.3, 0.1567],
 [28.4, 0.1562],
 [28.6, 0.1563],
 [28.7, 0.1558],
 [28.9, 0.1558],
 [29.1, 0.1551],
 [29.2, 0.1556],
 [29.4, 0.155],
 [29.6, 0.154],
 [29.7, 0.1535],
 [29.9, 0.1537],
 [30.0, 0.1533],
 [30.2, 0.1527],
 [30.4, 0.1523],
 [30.5, 0.1514],
 [30.7, 0.1517],
 [30.9, 0.1514],
 [31.1, 0.1515],
 [31.3, 0.1505],
 [31.4, 0.1499],
 [31.6, 0.1495],
 [31.8, 0.1497],
 [31.9, 0.1496],
 [32.0, 0.1484],
 [32.2, 0.1484],
 [32.4, 0.148],
 [32.6, 0.1477],
 [32.8, 0.1473],
 [32.9, 0.1468],
 [33.1, 0.1468],
 [33.2, 0.1459],
 [33.4, 0.1461],
 [33.6, 0.1459],
 [33.7, 0.1464],
 [33.9, 0.1449],
 [34.1, 0.1457],
 [34.2, 0.1449],
 [34.4, 0.1438],
 [34.6, 0.1438],
 [34.7, 0.1436],
 [34.9, 0.1432],
 [35.1, 0.1427],
 [35.3, 0.1421],
 [35.4, 0.1412],
 [35.6, 0.1418],
 [35.7, 0.1414],
 [35.9, 0.1411],
 [36.1, 0.1407],
 [36.3, 0.1401],
 [36.4, 0.1401],
 [36.6, 0.1394],
 [36.8, 0.1395],
 [36.9, 0.139],
 [37.0, 0.1389],
 [37.2, 0.1383],
 [37.4, 0.1374],
 [37.6, 0.1375],
 [37.7, 0.1369],
 [37.9, 0.1366],
 [38.1, 0.1363],
 [38.2, 0.1357],
 [38.4, 0.1356],
 [38.6, 0.1357],
 [38.7, 0.1353],
 [38.9, 0.1347],
 [39.1, 0.1342],
 [39.3, 0.1335],
 [39.4, 0.1331],
 [39.6, 0.1325],
 [39.7, 0.1324],
 [39.9, 0.1326],
 [40.1, 0.1316],
 [40.3, 0.1316],
 [40.5, 0.1317],
 [40.6, 0.1315],
 [40.7, 0.1308],
 [40.9, 0.1306],
 [41.1, 0.1295],
 [41.3, 0.1292],
 [41.4, 0.1289],
 [41.6, 0.1294],
 [41.8, 0.129],
 [42.0, 0.1281],
 [42.1, 0.1276],
 [42.3, 0.1278],
 [42.4, 0.1272],
 [42.6, 0.1266],
 [42.8, 0.1256],
 [42.9, 0.1256],
 [43.1, 0.1251],
 [43.2, 0.1251],
 [43.4, 0.1246],
 [43.6, 0.1242],
 [43.8, 0.1235],
 [43.9, 0.1238],
 [44.1, 0.1235],
 [44.2, 0.1223],
 [44.4, 0.122],
 [44.6, 0.1217],
 [44.8, 0.1221],
 [45.0, 0.1203],
 [45.1, 0.1209],
 [45.3, 0.1204],
 [45.4, 0.1196],
 [45.6, 0.1192],
 [45.8, 0.1195],
 [45.9, 0.1185],
 [46.1, 0.118],
 [46.3, 0.1178],
 [46.5, 0.1182],
 [46.6, 0.1173],
 [46.8, 0.116],
 [46.9, 0.116],
 [47.2, 0.1161],
 [47.3, 0.1152],
 [47.5, 0.1149],
 [47.6, 0.1148],
 [47.8, 0.1145],
 [48.0, 0.1134],
 [48.2, 0.1139],
 [48.3, 0.1132],
 [48.4, 0.1132],
 [48.6, 0.1122],
 [48.8, 0.1115],
 [48.9, 0.1114],
 [49.1, 0.1109],
 [49.3, 0.1115],
 [49.4, 0.1105],
 [49.6, 0.1097],
 [49.8, 0.1096],
 [49.9, 0.1084],
 [50.1, 0.1083],
 [50.3, 0.1078],
 [50.4, 0.1074],
 [50.6, 0.1067],
 [50.8, 0.107],
 [50.9, 0.1059],
 [51.1, 0.1063],
 [51.3, 0.1056],
 [51.5, 0.1047],
 [51.6, 0.1051],
 [51.8, 0.1051],
 [51.9, 0.1039],
 [52.1, 0.1035],
 [52.3, 0.1038],
 [52.5, 0.1025],
 [52.6, 0.1023],
 [52.8, 0.102],
 [53.0, 0.1013],
 [53.1, 0.1016],
 [53.3, 0.1004],
 [53.4, 0.1002],
 [53.6, 0.09953],
 [53.8, 0.09962],
 [53.9, 0.09929],
 [54.1, 0.09848],
 [54.3, 0.09807],
 [54.5, 0.09772],
 [54.6, 0.0978],
 [54.8, 0.09701],
 [54.9, 0.09623],
 [55.1, 0.09603],
 [55.3, 0.09683],
 [55.4, 0.09511],
 [55.6, 0.09525],
 [55.8, 0.09538],
 [55.9, 0.0942],
 [56.1, 0.09399],
 [56.3, 0.09333],
 [56.4, 0.09286],
 [56.6, 0.09264],
 [56.8, 0.09241],
 [56.9, 0.09204],
 [57.1, 0.09109],
 [57.3, 0.09033],
 [57.5, 0.08962],
 [57.6, 0.08987],
 [57.7, 0.08912],
 [57.9, 0.08907],
 [58.1, 0.08831],
 [58.2, 0.08862],
 [58.4, 0.0876],
 [58.6, 0.08793],
 [58.8, 0.08734],
 [59.0, 0.08755],
 [59.1, 0.08746],
 [59.3, 0.08615],
 [59.5, 0.08571],
 [59.6, 0.08516],
 [59.7, 0.08498],
 [59.9, 0.08428]]
