[[15.0, 0.1508],
 [15.0, 0.1389],
 [15.1, 0.1341],
 [15.2, 0.1287],
 [15.3, 0.1274],
 [15.5, 0.1274],
 [15.6, 0.1242],
 [15.8, 0.1239],
 [16.0, 0.1195],
 [16.1, 0.1208],
 [16.3, 0.1194],
 [16.4, 0.1221],
 [16.6, 0.122],
 [16.9, 0.1214],
 [17.0, 0.1216],
 [17.2, 0.1224],
 [17.4, 0.1208],
 [17.6, 0.1212],
 [17.8, 0.1204],
 [18.0, 0.1195],
 [18.2, 0.1175],
 [18.3, 0.1153],
 [18.5, 0.1148],
 [18.7, 0.1159],
 [18.9, 0.1156],
 [19.1, 0.1193],
 [19.3, 0.1173],
 [19.4, 0.1182],
 [19.6, 0.1194],
 [19.8, 0.1188],
 [19.9, 0.1176],
 [20.1, 0.1154],
 [20.3, 0.1166],
 [20.5, 0.1164],
 [20.6, 0.1163],
 [20.8, 0.1153],
 [21.0, 0.116],
 [21.2, 0.1197],
 [21.4, 0.1178],
 [21.5, 0.1152],
 [21.7, 0.1152],
 [21.8, 0.1143],
 [22.0, 0.1134],
 [22.2, 0.1153],
 [22.3, 0.1138],
 [22.5, 0.1113],
 [22.7, 0.1112],
 [22.9, 0.1123],
 [23.0, 0.1136],
 [23.2, 0.1114],
 [23.4, 0.1107],
 [23.6, 0.1125],
 [23.7, 0.111],
 [23.9, 0.1106],
 [24.1, 0.1113],
 [24.2, 0.1097],
 [24.4, 0.11],
 [24.5, 0.1097],
 [24.7, 0.1099],
 [24.9, 0.1116],
 [25.0, 0.1109],
 [25.2, 0.1118],
 [25.4, 0.1102],
 [25.6, 0.1072],
 [25.7, 0.1095],
 [25.9, 0.111],
 [26.0, 0.1114],
 [26.2, 0.1098],
 [26.4, 0.1096],
 [26.6, 0.1096],
 [26.7, 0.1071],
 [26.9, 0.1083],
 [27.0, 0.1073],
 [27.3, 0.1091],
 [27.4, 0.1049],
 [27.6, 0.1077],
 [27.7, 0.1065],
 [27.9, 0.1063],
 [28.1, 0.104],
 [28.2, 0.1044],
 [28.4, 0.1026],
 [28.6, 0.1062],
 [28.8, 0.1072],
 [28.9, 0.1081],
 [29.1, 0.1062],
 [29.2, 0.1057],
 [29.4, 0.103],
 [29.6, 0.102],
 [29.8, 0.1038],
 [29.9, 0.1054],
 [30.1, 0.1028],
 [30.2, 0.1061],
 [30.4, 0.1051],
 [30.6, 0.09907],
 [30.7, 0.09966],
 [30.9, 0.1019],
 [31.1, 0.1045],
 [31.2, 0.102],
 [31.4, 0.1022],
 [31.6, 0.1005],
 [31.7, 0.1022],
 [31.9, 0.1003],
 [32.1, 0.1006],
 [32.2, 0.1002],
 [32.4, 0.1015],
 [32.6, 0.1004],
 [32.7, 0.1018],
 [32.9, 0.1031],
 [33.1, 0.1007],
 [33.3, 0.1011],
 [33.4, 0.09877],
 [33.6, 0.1001],
 [33.8, 0.1015],
 [33.9, 0.101],
 [34.1, 0.09997],
 [34.3, 0.09849],
 [34.4, 0.09865],
 [34.6, 0.1012],
 [34.7, 0.09901],
 [34.9, 0.09873],
 [35.1, 0.09867],
 [35.2, 0.1007],
 [35.5, 0.09763],
 [35.6, 0.09728],
 [35.8, 0.09698],
 [35.9, 0.09867],
 [36.1, 0.0976],
 [36.3, 0.09705],
 [36.5, 0.09781],
 [36.6, 0.09685],
 [36.7, 0.0969],
 [36.9, 0.09966],
 [37.1, 0.09917],
 [37.2, 0.0977],
 [37.4, 0.09651],
 [37.6, 0.09549],
 [37.7, 0.09588],
 [37.9, 0.09507],
 [38.1, 0.09556],
 [38.3, 0.09472],
 [38.4, 0.09307],
 [38.6, 0.09319],
 [38.8, 0.09294],
 [38.9, 0.09545],
 [39.1, 0.09531],
 [39.3, 0.09349],
 [39.4, 0.09156],
 [39.6, 0.092],
 [39.8, 0.09278],
 [39.9, 0.09276],
 [40.1, 0.09121],
 [40.3, 0.09552],
 [40.5, 0.09303],
 [40.6, 0.08942],
 [40.8, 0.09107],
 [40.9, 0.09082],
 [41.1, 0.09045],
 [41.3, 0.09044],
 [41.4, 0.09235],
 [41.6, 0.09141],
 [41.8, 0.09079],
 [41.9, 0.09231],
 [42.1, 0.09045],
 [42.2, 0.08977],
 [42.4, 0.09048],
 [42.6, 0.08831],
 [42.7, 0.08918],
 [42.9, 0.08909],
 [43.1, 0.09144],
 [43.2, 0.0886],
 [43.4, 0.08743],
 [43.6, 0.08866],
 [43.8, 0.08893],
 [43.9, 0.08633],
 [44.1, 0.0858],
 [44.3, 0.08769],
 [44.4, 0.08674],
 [44.6, 0.08784],
 [44.8, 0.08748],
 [44.9, 0.08595],
 [45.1, 0.08637],
 [45.3, 0.08592],
 [45.5, 0.08581],
 [45.6, 0.08373],
 [45.8, 0.08319],
 [46.0, 0.08501],
 [46.1, 0.0847],
 [46.2, 0.08566],
 [46.4, 0.0865],
 [46.6, 0.08465],
 [46.7, 0.08302],
 [46.9, 0.08472],
 [47.1, 0.08282],
 [47.3, 0.08349],
 [47.4, 0.0812],
 [47.6, 0.0811],
 [47.7, 0.08199],
 [47.9, 0.07927],
 [48.1, 0.08077],
 [48.3, 0.07983],
 [48.4, 0.08092],
 [48.6, 0.07839],
 [48.8, 0.07879],
 [48.9, 0.07915],
 [49.1, 0.0794],
 [49.3, 0.07895],
 [49.4, 0.07813],
 [49.6, 0.07745],
 [49.8, 0.07689],
 [49.9, 0.07929],
 [50.1, 0.07866],
 [50.2, 0.07636],
 [50.4, 0.07475],
 [50.6, 0.07444],
 [50.8, 0.07449],
 [51.0, 0.07341],
 [51.1, 0.07353],
 [51.3, 0.07465],
 [51.5, 0.07455],
 [51.6, 0.07463],
 [51.8, 0.07406],
 [52.0, 0.07384],
 [52.1, 0.07264],
 [52.3, 0.07352],
 [52.4, 0.07191],
 [52.6, 0.07272],
 [52.7, 0.07095],
 [52.9, 0.07062],
 [53.1, 0.07184],
 [53.2, 0.0703],
 [53.4, 0.07112],
 [53.6, 0.0713],
 [53.8, 0.06903],
 [53.9, 0.06886],
 [54.1, 0.06904],
 [54.3, 0.06836],
 [54.4, 0.0689],
 [54.6, 0.06952],
 [54.7, 0.06913],
 [55.0, 0.06852],
 [55.1, 0.06766],
 [55.3, 0.06847],
 [55.4, 0.06877],
 [55.6, 0.06987],
 [55.8, 0.06865],
 [55.9, 0.06661],
 [56.1, 0.06625],
 [56.3, 0.0666],
 [56.4, 0.06617],
 [56.6, 0.06431],
 [56.8, 0.06445],
 [56.9, 0.06283],
 [57.1, 0.06343],
 [57.3, 0.06317],
 [57.5, 0.06325],
 [57.6, 0.06421],
 [57.8, 0.06326],
 [57.9, 0.06388],
 [58.1, 0.06134],
 [58.3, 0.06177],
 [58.4, 0.0617],
 [58.6, 0.06178],
 [58.8, 0.06011],
 [58.9, 0.06102],
 [59.1, 0.05995],
 [59.3, 0.06206],
 [59.4, 0.06041],
 [59.6, 0.06151],
 [59.8, 0.06025],
 [60.0, 0.05724]]
