[[15.0, 0.2894],
 [15.0, 0.2697],
 [15.1, 0.2551],
 [15.2, 0.2491],
 [15.3, 0.2438],
 [15.5, 0.2411],
 [15.6, 0.239],
 [15.8, 0.2409],
 [16.0, 0.2346],
 [16.1, 0.2359],
 [16.3, 0.2381],
 [16.5, 0.234],
 [16.7, 0.2313],
 [16.9, 0.2341],
 [17.0, 0.2292],
 [17.2, 0.2299],
 [17.4, 0.2284],
 [17.6, 0.227],
 [17.8, 0.2265],
 [18.0, 0.2268],
 [18.1, 0.2256],
 [18.3, 0.2249],
 [18.5, 0.225],
 [18.7, 0.2245],
 [18.9, 0.2238],
 [19.1, 0.2225],
 [19.3, 0.2206],
 [19.5, 0.222],
 [19.6, 0.2188],
 [19.8, 0.2185],
 [19.9, 0.2215],
 [20.1, 0.2179],
 [20.3, 0.2168],
 [20.4, 0.2163],
 [20.6, 0.2188],
 [20.8, 0.2195],
 [21.0, 0.2157],
 [21.1, 0.2124],
 [21.3, 0.2127],
 [21.5, 0.2154],
 [21.7, 0.2122],
 [21.9, 0.2102],
 [22.0, 0.2121],
 [22.2, 0.2118],
 [22.4, 0.2128],
 [22.5, 0.2142],
 [22.7, 0.2115],
 [22.9, 0.2094],
 [23.0, 0.2098],
 [23.2, 0.2111],
 [23.4, 0.2121],
 [23.5, 0.2153],
 [23.7, 0.212],
 [23.9, 0.2125],
 [24.1, 0.2124],
 [24.2, 0.2137],
 [24.4, 0.2097],
 [24.5, 0.2075],
 [24.7, 0.2081],
 [24.8, 0.2075],
 [25.1, 0.2078],
 [25.2, 0.2077],
 [25.4, 0.2063],
 [25.5, 0.2052],
 [25.7, 0.204],
 [25.9, 0.2038],
 [26.0, 0.2035],
 [26.2, 0.204],
 [26.4, 0.2019],
 [26.6, 0.2041],
 [26.7, 0.2056],
 [26.9, 0.202],
 [27.0, 0.2002],
 [27.2, 0.202],
 [27.4, 0.2022],
 [27.5, 0.2015],
 [27.7, 0.2014],
 [27.9, 0.1998],
 [28.1, 0.1984],
 [28.2, 0.201],
 [28.4, 0.2017],
 [28.6, 0.1994],
 [28.7, 0.199],
 [28.9, 0.1965],
 [29.0, 0.1963],
 [29.2, 0.1993],
 [29.4, 0.1977],
 [29.6, 0.199],
 [29.7, 0.1997],
 [29.9, 0.1963],
 [30.1, 0.1968],
 [30.3, 0.1938],
 [30.4, 0.1956],
 [30.6, 0.1937],
 [30.8, 0.1948],
 [30.9, 0.1935],
 [31.1, 0.1942],
 [31.3, 0.1919],
 [31.4, 0.1923],
 [31.6, 0.1943],
 [31.7, 0.1921],
 [31.9, 0.1896],
 [32.1, 0.192],
 [32.3, 0.1899],
 [32.4, 0.1906],
 [32.6, 0.191],
 [32.7, 0.1918],
 [32.9, 0.1906],
 [33.1, 0.1905],
 [33.3, 0.1923],
 [33.4, 0.1936],
 [33.6, 0.1917],
 [33.8, 0.1905],
 [33.9, 0.189],
 [34.1, 0.1877],
 [34.2, 0.186],
 [34.4, 0.1884],
 [34.6, 0.1879],
 [34.8, 0.1872],
 [34.9, 0.188],
 [35.1, 0.1857],
 [35.2, 0.1832],
 [35.4, 0.1847],
 [35.6, 0.1821],
 [35.8, 0.1822],
 [35.9, 0.1866],
 [36.1, 0.184],
 [36.2, 0.1845],
 [36.4, 0.184],
 [36.6, 0.1839],
 [36.8, 0.1836],
 [36.9, 0.182],
 [37.1, 0.1818],
 [37.2, 0.1824],
 [37.4, 0.1823],
 [37.6, 0.1799],
 [37.7, 0.1804],
 [37.9, 0.1775],
 [38.1, 0.1779],
 [38.2, 0.1766],
 [38.4, 0.1753],
 [38.6, 0.1773],
 [38.8, 0.1772],
 [38.9, 0.1797],
 [39.1, 0.1775],
 [39.2, 0.1754],
 [39.4, 0.175],
 [39.6, 0.1739],
 [39.8, 0.1736],
 [40.0, 0.1754],
 [40.1, 0.1744],
 [40.2, 0.175],
 [40.4, 0.1746],
 [40.6, 0.1749],
 [40.8, 0.1711],
 [40.9, 0.1739],
 [41.1, 0.1722],
 [41.3, 0.1744],
 [41.5, 0.17],
 [41.6, 0.1702],
 [41.7, 0.1707],
 [41.9, 0.1703],
 [42.1, 0.1702],
 [42.3, 0.1692],
 [42.4, 0.1694],
 [42.6, 0.1695],
 [42.8, 0.1658],
 [42.9, 0.1643],
 [43.1, 0.1665],
 [43.3, 0.1665],
 [43.4, 0.1677],
 [43.6, 0.1668],
 [43.8, 0.1665],
 [44.0, 0.1658],
 [44.1, 0.1633],
 [44.3, 0.165],
 [44.4, 0.1626],
 [44.6, 0.1578],
 [44.8, 0.1607],
 [44.9, 0.159],
 [45.1, 0.1615],
 [45.2, 0.158],
 [45.4, 0.158],
 [45.6, 0.1597],
 [45.8, 0.1592],
 [45.9, 0.1572],
 [46.1, 0.1572],
 [46.2, 0.1541],
 [46.5, 0.1531],
 [46.6, 0.1547],
 [46.8, 0.1545],
 [46.9, 0.1519],
 [47.1, 0.1518],
 [47.3, 0.1513],
 [47.4, 0.1528],
 [47.6, 0.1547],
 [47.8, 0.1538],
 [47.9, 0.152],
 [48.1, 0.1509],
 [48.2, 0.1518],
 [48.5, 0.1527],
 [48.6, 0.1515],
 [48.8, 0.1506],
 [48.9, 0.1501],
 [49.1, 0.1477],
 [49.3, 0.1502],
 [49.4, 0.1486],
 [49.6, 0.1468],
 [49.8, 0.148],
 [49.9, 0.1466],
 [50.1, 0.1476],
 [50.2, 0.1448],
 [50.4, 0.1457],
 [50.6, 0.1428],
 [50.8, 0.1455],
 [51.0, 0.1437],
 [51.1, 0.1421],
 [51.3, 0.1404],
 [51.5, 0.1385],
 [51.7, 0.14],
 [51.8, 0.1382],
 [52.0, 0.1396],
 [52.1, 0.1382],
 [52.3, 0.1374],
 [52.4, 0.1359],
 [52.6, 0.1364],
 [52.8, 0.1368],
 [52.9, 0.134],
 [53.1, 0.1363],
 [53.2, 0.1339],
 [53.4, 0.1339],
 [53.6, 0.1357],
 [53.8, 0.1326],
 [53.9, 0.1317],
 [54.1, 0.1322],
 [54.3, 0.1312],
 [54.4, 0.1325],
 [54.6, 0.1288],
 [54.8, 0.1277],
 [54.9, 0.1273],
 [55.1, 0.1273],
 [55.3, 0.1273],
 [55.4, 0.1264],
 [55.6, 0.1255],
 [55.8, 0.1256],
 [56.0, 0.1242],
 [56.1, 0.1252],
 [56.3, 0.1252],
 [56.4, 0.1228],
 [56.6, 0.1229],
 [56.8, 0.1246],
 [56.9, 0.1242],
 [57.1, 0.1222],
 [57.3, 0.1208],
 [57.5, 0.1196],
 [57.6, 0.1167],
 [57.8, 0.1181],
 [57.9, 0.1175],
 [58.1, 0.1174],
 [58.3, 0.1163],
 [58.4, 0.1159],
 [58.6, 0.1167],
 [58.8, 0.1133],
 [59.0, 0.1141],
 [59.1, 0.1148],
 [59.3, 0.1131],
 [59.4, 0.1121],
 [59.6, 0.1122],
 [59.8, 0.1127],
 [59.9, 0.1107]]
