[[14.9, 0.006894],
 [14.9, 0.006426],
 [15.1, 0.006660999999999999],
 [15.2, 0.006344000000000001],
 [15.4, 0.006526],
 [15.5, 0.006445],
 [15.7, 0.006384000000000001],
 [15.8, 0.00659],
 [16.0, 0.006319],
 [16.1, 0.006652],
 [16.3, 0.006299000000000001],
 [16.5, 0.006635],
 [16.7, 0.006436],
 [16.9, 0.006535],
 [17.0, 0.0065650000000000005],
 [17.2, 0.006395],
 [17.4, 0.006566],
 [17.6, 0.006246000000000001],
 [17.8, 0.006517],
 [18.0, 0.006171],
 [18.1, 0.006394],
 [18.3, 0.006189],
 [18.5, 0.006246000000000001],
 [18.7, 0.006305],
 [18.9, 0.006111],
 [19.1, 0.0063880000000000004],
 [19.2, 0.006059999999999999],
 [19.4, 0.006395],
 [19.6, 0.00608],
 [19.7, 0.0062889999999999995],
 [19.9, 0.006214000000000001],
 [20.1, 0.006161],
 [20.2, 0.006261],
 [20.4, 0.005967],
 [20.6, 0.006240000000000001],
 [20.8, 0.005889999999999999],
 [21.0, 0.006161],
 [21.2, 0.005829],
 [21.3, 0.005991],
 [21.5, 0.00595],
 [21.6, 0.005814000000000001],
 [21.8, 0.006041],
 [22.0, 0.005743000000000001],
 [22.2, 0.0060620000000000005],
 [22.4, 0.005724],
 [22.5, 0.006027],
 [22.7, 0.005804],
 [22.9, 0.0059050000000000005],
 [23.0, 0.005955],
 [23.2, 0.00574],
 [23.3, 0.005913000000000001],
 [23.5, 0.00562],
 [23.7, 0.005815000000000001],
 [23.8, 0.005509000000000001],
 [24.0, 0.005739],
 [24.2, 0.005546000000000001],
 [24.4, 0.005573000000000001],
 [24.5, 0.005652],
 [24.7, 0.0054470000000000005],
 [24.9, 0.005729000000000001],
 [25.0, 0.005384000000000001],
 [25.2, 0.005731],
 [25.4, 0.005433],
 [25.6, 0.005632],
 [25.7, 0.005542],
 [25.9, 0.0055060000000000005],
 [26.0, 0.005605000000000001],
 [26.2, 0.005332],
 [26.4, 0.0056040000000000005],
 [26.5, 0.005243],
 [26.7, 0.005507],
 [26.9, 0.00522],
 [27.0, 0.005367],
 [27.2, 0.005318],
 [27.4, 0.00521],
 [27.6, 0.005404],
 [27.7, 0.005112],
 [27.9, 0.00545],
 [28.1, 0.0050940000000000004],
 [28.3, 0.005406],
 [28.4, 0.005202],
 [28.5, 0.005301],
 [28.7, 0.0053170000000000005],
 [28.9, 0.0051340000000000005],
 [29.1, 0.005314],
 [29.2, 0.005001],
 [29.3, 0.005275],
 [29.6, 0.004912],
 [29.7, 0.005139],
 [29.9, 0.004951],
 [30.1, 0.005006],
 [30.2, 0.0050750000000000005],
 [30.4, 0.005069],
 [30.6, 0.0051589999999999995],
 [30.8, 0.004912],
 [30.9, 0.005152],
 [31.1, 0.004756000000000001],
 [31.2, 0.005052],
 [31.4, 0.005],
 [31.6, 0.004941],
 [31.7, 0.0048259999999999996],
 [31.8, 0.0047610000000000005],
 [32.0, 0.0049310000000000005],
 [32.2, 0.004690000000000001],
 [32.4, 0.004999],
 [32.6, 0.004652],
 [32.7, 0.00496],
 [32.9, 0.004764],
 [33.1, 0.004877],
 [33.3, 0.004873000000000001],
 [33.5, 0.004723],
 [33.6, 0.004895],
 [33.7, 0.00458],
 [33.9, 0.0048449999999999995],
 [34.1, 0.004509000000000001],
 [34.3, 0.0047279999999999996],
 [34.4, 0.0045060000000000005],
 [34.6, 0.004583],
 [34.7, 0.004687],
 [34.9, 0.004462],
 [35.1, 0.004744],
 [35.2, 0.004403],
 [35.4, 0.004757],
 [35.5, 0.004463],
 [35.8, 0.00467],
 [35.9, 0.004575],
 [36.1, 0.004552],
 [36.2, 0.004660999999999999],
 [36.4, 0.0044080000000000005],
 [36.6, 0.004637],
 [36.8, 0.004312000000000001],
 [36.9, 0.004552],
 [37.1, 0.004263],
 [37.3, 0.004444],
 [37.4, 0.004360999999999999],
 [37.6, 0.004299000000000001],
 [37.7, 0.0045000000000000005],
 [37.9, 0.004207],
 [38.1, 0.004542],
 [38.3, 0.004207],
 [38.4, 0.0045119999999999995],
 [38.6, 0.004321],
 [38.8, 0.004411],
 [38.9, 0.004428],
 [39.1, 0.004287],
 [39.3, 0.004458999999999999],
 [39.4, 0.004136],
 [39.6, 0.004403],
 [39.8, 0.0040880000000000005],
 [39.9, 0.004306],
 [40.1, 0.0041010000000000005],
 [40.3, 0.004164],
 [40.4, 0.00423],
 [40.6, 0.00405],
 [40.7, 0.004332],
 [40.9, 0.003986],
 [41.1, 0.004345],
 [41.2, 0.0040490000000000005],
 [41.4, 0.00426],
 [41.6, 0.00419],
 [41.8, 0.00414],
 [41.9, 0.0042699999999999995],
 [42.1, 0.003982],
 [42.2, 0.00426],
 [42.4, 0.003907],
 [42.6, 0.00418],
 [42.8, 0.0038940000000000003],
 [42.9, 0.00405],
 [43.1, 0.003992],
 [43.2, 0.003912],
 [43.4, 0.004125],
 [43.6, 0.003817],
 [43.7, 0.0041849999999999995],
 [43.9, 0.0038540000000000002],
 [44.1, 0.004135],
 [44.3, 0.003955],
 [44.4, 0.004033],
 [44.6, 0.004084],
 [44.8, 0.003901],
 [44.9, 0.004112],
 [45.1, 0.003787],
 [45.3, 0.004031],
 [45.5, 0.0037120000000000005],
 [45.6, 0.003955],
 [45.8, 0.003761],
 [45.9, 0.003798],
 [46.1, 0.0038900000000000002],
 [46.3, 0.0037040000000000003],
 [46.4, 0.0039900000000000005],
 [46.6, 0.003677],
 [46.8, 0.004006],
 [47.0, 0.003736],
 [47.1, 0.0039369999999999995],
 [47.3, 0.0038740000000000003],
 [47.4, 0.0038239999999999997],
 [47.6, 0.0039700000000000004],
 [47.8, 0.003666],
 [47.9, 0.0039369999999999995],
 [48.1, 0.0035870000000000003],
 [48.3, 0.003859],
 [48.4, 0.0035859999999999998],
 [48.6, 0.0037300000000000002],
 [48.8, 0.003696],
 [48.9, 0.0035960000000000002],
 [49.1, 0.00383],
 [49.2, 0.0035510000000000003],
 [49.4, 0.003886],
 [49.6, 0.003543],
 [49.7, 0.0038380000000000003],
 [49.9, 0.003669],
 [50.1, 0.0037660000000000003],
 [50.3, 0.0038130000000000004],
 [50.4, 0.003626],
 [50.6, 0.003827],
 [50.7, 0.003522],
 [50.9, 0.003778],
 [51.1, 0.003461],
 [51.3, 0.003673],
 [51.4, 0.003509],
 [51.5, 0.003534],
 [51.8, 0.0036509999999999997],
 [52.0, 0.003422],
 [52.1, 0.003767],
 [52.3, 0.003424],
 [52.4, 0.0037570000000000004],
 [52.7, 0.003484],
 [52.8, 0.003669],
 [53.0, 0.0036320000000000002],
 [53.1, 0.003561],
 [53.3, 0.003707],
 [53.4, 0.003435],
 [53.6, 0.003697],
 [53.8, 0.003348],
 [53.9, 0.003601],
 [54.1, 0.003355],
 [54.3, 0.0034990000000000004],
 [54.4, 0.003496],
 [54.6, 0.003357],
 [54.7, 0.003612],
 [54.9, 0.0033],
 [55.1, 0.0036509999999999997],
 [55.3, 0.003327],
 [55.5, 0.003617],
 [55.6, 0.003455],
 [55.8, 0.003518],
 [55.9, 0.003618],
 [56.1, 0.003382],
 [56.2, 0.0036070000000000004],
 [56.4, 0.003275],
 [56.6, 0.003568],
 [56.8, 0.003243],
 [57.0, 0.003444],
 [57.1, 0.0032930000000000004],
 [57.2, 0.003296],
 [57.5, 0.003444],
 [57.6, 0.0032010000000000003],
 [57.8, 0.003525],
 [57.9, 0.003147],
 [58.1, 0.003541],
 [58.3, 0.003284],
 [58.5, 0.0034620000000000002],
 [58.6, 0.003439],
 [58.8, 0.003347],
 [58.9, 0.003505],
 [59.1, 0.003189],
 [59.3, 0.003461],
 [59.5, 0.003117],
 [59.6, 0.003388],
 [59.8, 0.003146],
 [59.9, 0.003262]]
