[[15.5, 0.1572],
 [15.5, 0.1525],
 [15.5, 0.153],
 [15.5, 0.1481],
 [15.6, 0.1483],
 [15.7, 0.1448],
 [15.9, 0.1451],
 [16.0, 0.144],
 [16.2, 0.1449],
 [16.3, 0.1423],
 [16.5, 0.1419],
 [16.6, 0.1419],
 [16.8, 0.141],
 [16.9, 0.1401],
 [17.1, 0.1392],
 [17.3, 0.1382],
 [17.5, 0.138],
 [17.6, 0.1377],
 [17.8, 0.1375],
 [18.0, 0.1368],
 [18.1, 0.1367],
 [18.3, 0.1359],
 [18.5, 0.1362],
 [18.6, 0.1371],
 [18.8, 0.1363],
 [19.0, 0.135],
 [19.1, 0.1349],
 [19.3, 0.135],
 [19.5, 0.1348],
 [19.6, 0.1343],
 [19.8, 0.1332],
 [20.0, 0.1333],
 [20.2, 0.1329],
 [20.3, 0.1328],
 [20.5, 0.1329],
 [20.7, 0.132],
 [20.9, 0.1319],
 [21.0, 0.1306],
 [21.2, 0.1306],
 [21.4, 0.1302],
 [21.5, 0.1298],
 [21.7, 0.1297],
 [21.9, 0.1289],
 [22.0, 0.1287],
 [22.2, 0.1288],
 [22.4, 0.1287],
 [22.6, 0.1286],
 [22.8, 0.1288],
 [22.9, 0.1276],
 [23.1, 0.127],
 [23.3, 0.127],
 [23.4, 0.1263],
 [23.6, 0.1262],
 [23.8, 0.125],
 [23.9, 0.1252],
 [24.1, 0.125],
 [24.3, 0.125],
 [24.5, 0.1242],
 [24.7, 0.1242],
 [24.8, 0.1235],
 [25.0, 0.1235],
 [25.1, 0.1236],
 [25.3, 0.1234],
 [25.5, 0.1236],
 [25.7, 0.1225],
 [25.8, 0.1231],
 [26.0, 0.1229],
 [26.2, 0.1227],
 [26.4, 0.1218],
 [26.5, 0.1217],
 [26.7, 0.1227],
 [26.8, 0.1209],
 [27.0, 0.1212],
 [27.2, 0.1207],
 [27.4, 0.1202],
 [27.5, 0.1197],
 [27.7, 0.1195],
 [27.9, 0.1194],
 [28.0, 0.1184],
 [28.2, 0.1181],
 [28.4, 0.1183],
 [28.6, 0.1189],
 [28.7, 0.1174],
 [28.9, 0.1181],
 [29.0, 0.118],
 [29.2, 0.1177],
 [29.4, 0.1168],
 [29.5, 0.1167],
 [29.7, 0.1165],
 [29.9, 0.1159],
 [30.0, 0.1158],
 [30.2, 0.1157],
 [30.4, 0.1157],
 [30.5, 0.1143],
 [30.7, 0.1147],
 [30.9, 0.1143],
 [31.1, 0.1145],
 [31.2, 0.1146],
 [31.4, 0.1133],
 [31.6, 0.1131],
 [31.8, 0.1128],
 [31.9, 0.1134],
 [32.0, 0.112],
 [32.2, 0.1121],
 [32.4, 0.1116],
 [32.6, 0.1115],
 [32.7, 0.1114],
 [32.9, 0.1109],
 [33.1, 0.11],
 [33.2, 0.11],
 [33.4, 0.1102],
 [33.6, 0.1105],
 [33.7, 0.1097],
 [33.9, 0.1091],
 [34.1, 0.109],
 [34.2, 0.1088],
 [34.4, 0.109],
 [34.6, 0.1085],
 [34.7, 0.1081],
 [34.9, 0.1079],
 [35.1, 0.107],
 [35.2, 0.1073],
 [35.4, 0.1071],
 [35.5, 0.1069],
 [35.7, 0.1064],
 [35.9, 0.1059],
 [36.1, 0.1052],
 [36.3, 0.1049],
 [36.5, 0.105],
 [36.6, 0.1045],
 [36.7, 0.1042],
 [36.9, 0.1043],
 [37.1, 0.1054],
 [37.3, 0.1049],
 [37.4, 0.1033],
 [37.6, 0.1035],
 [37.8, 0.1025],
 [37.9, 0.1032],
 [38.1, 0.1025],
 [38.3, 0.1023],
 [38.4, 0.1017],
 [38.6, 0.1014],
 [38.7, 0.1023],
 [38.9, 0.1009],
 [39.1, 0.1009],
 [39.3, 0.1004],
 [39.4, 0.1],
 [39.6, 0.0997],
 [39.7, 0.09975],
 [39.9, 0.1002],
 [40.1, 0.09941],
 [40.3, 0.09902],
 [40.4, 0.09814],
 [40.6, 0.09832],
 [40.7, 0.0982],
 [40.9, 0.09796],
 [41.1, 0.09762],
 [41.3, 0.09765],
 [41.4, 0.09704],
 [41.6, 0.09632],
 [41.7, 0.0961],
 [41.9, 0.09568],
 [42.1, 0.09626],
 [42.2, 0.09541],
 [42.4, 0.09509],
 [42.6, 0.09489],
 [42.8, 0.09427],
 [42.9, 0.09424],
 [43.1, 0.09403],
 [43.3, 0.09391],
 [43.4, 0.09397],
 [43.6, 0.09356],
 [43.7, 0.09294],
 [43.9, 0.09299],
 [44.1, 0.09264],
 [44.2, 0.09223],
 [44.4, 0.09254],
 [44.6, 0.09146],
 [44.8, 0.09134],
 [44.9, 0.09127],
 [45.1, 0.09041],
 [45.3, 0.09051],
 [45.4, 0.09004],
 [45.6, 0.09035],
 [45.7, 0.09029],
 [45.9, 0.08992],
 [46.1, 0.08931],
 [46.2, 0.08932],
 [46.4, 0.08864],
 [46.6, 0.08817],
 [46.8, 0.08799],
 [46.9, 0.08715],
 [47.1, 0.08742],
 [47.3, 0.08713],
 [47.4, 0.08723],
 [47.6, 0.08664],
 [47.8, 0.08603],
 [47.9, 0.08578],
 [48.1, 0.0852],
 [48.2, 0.08499],
 [48.4, 0.08434],
 [48.6, 0.08441],
 [48.8, 0.08384],
 [48.9, 0.08396],
 [49.1, 0.08336],
 [49.3, 0.08336],
 [49.4, 0.08242],
 [49.6, 0.08246],
 [49.8, 0.08195],
 [49.9, 0.08208],
 [50.1, 0.08166],
 [50.3, 0.08155],
 [50.4, 0.08085],
 [50.6, 0.08046],
 [50.7, 0.07998],
 [51.0, 0.0798],
 [51.1, 0.08004],
 [51.3, 0.0805],
 [51.4, 0.08],
 [51.6, 0.07928],
 [51.8, 0.07854],
 [51.9, 0.07871],
 [52.1, 0.07804],
 [52.3, 0.07787],
 [52.4, 0.07746],
 [52.6, 0.07738],
 [52.7, 0.077],
 [53.0, 0.07622],
 [53.1, 0.07647],
 [53.2, 0.07618],
 [53.4, 0.07579],
 [53.6, 0.07599],
 [53.8, 0.07521],
 [53.9, 0.07478],
 [54.1, 0.07407],
 [54.3, 0.07358],
 [54.4, 0.0731],
 [54.6, 0.07364],
 [54.8, 0.07278],
 [55.0, 0.07259],
 [55.1, 0.07242],
 [55.3, 0.07205],
 [55.5, 0.07168],
 [55.6, 0.07142],
 [55.8, 0.0715],
 [56.0, 0.07083],
 [56.2, 0.07025],
 [56.3, 0.07043],
 [56.4, 0.06982],
 [56.6, 0.06969],
 [56.8, 0.06922],
 [56.9, 0.06929],
 [57.1, 0.06818],
 [57.3, 0.06796],
 [57.4, 0.06763],
 [57.6, 0.06777],
 [57.7, 0.06688],
 [57.9, 0.06703],
 [58.1, 0.06654],
 [58.3, 0.06616],
 [58.4, 0.06626],
 [58.6, 0.06508],
 [58.8, 0.06513],
 [58.9, 0.06479],
 [59.1, 0.06449],
 [59.2, 0.06415],
 [59.4, 0.06365],
 [59.6, 0.06376],
 [59.8, 0.06296],
 [60.0, 0.06337]]
