[[15.0, 0.07783],
 [15.0, 0.07187],
 [15.1, 0.07198],
 [15.2, 0.07103],
 [15.3, 0.0714],
 [15.5, 0.07052],
 [15.7, 0.07078],
 [15.8, 0.07008],
 [15.9, 0.07019],
 [16.1, 0.06977],
 [16.3, 0.06941],
 [16.4, 0.06941],
 [16.7, 0.06863],
 [16.9, 0.06882],
 [17.0, 0.06812],
 [17.2, 0.0683],
 [17.4, 0.06774],
 [17.6, 0.06768],
 [17.8, 0.06749],
 [18.0, 0.06699],
 [18.2, 0.06728],
 [18.3, 0.06652],
 [18.5, 0.06694],
 [18.7, 0.06624],
 [18.9, 0.06649],
 [19.1, 0.06608],
 [19.2, 0.06598],
 [19.4, 0.06585],
 [19.6, 0.0653],
 [19.7, 0.06545],
 [19.9, 0.06473],
 [20.1, 0.06505],
 [20.3, 0.06439],
 [20.5, 0.06442],
 [20.6, 0.06419],
 [20.8, 0.06389],
 [21.0, 0.06404],
 [21.2, 0.06342],
 [21.3, 0.06387],
 [21.5, 0.06315],
 [21.7, 0.06343],
 [21.8, 0.06288],
 [22.0, 0.063],
 [22.2, 0.06274],
 [22.3, 0.06242],
 [22.5, 0.06255],
 [22.7, 0.06189],
 [22.9, 0.06215],
 [23.1, 0.06145],
 [23.3, 0.06175],
 [23.4, 0.06132],
 [23.5, 0.06123],
 [23.7, 0.06114],
 [23.9, 0.06071],
 [24.0, 0.06105],
 [24.2, 0.06035],
 [24.4, 0.06078],
 [24.6, 0.06031],
 [24.7, 0.0605],
 [24.9, 0.06012],
 [25.1, 0.05999],
 [25.2, 0.05995],
 [25.4, 0.05949],
 [25.5, 0.05959],
 [25.7, 0.05901],
 [25.9, 0.05931],
 [26.1, 0.05875],
 [26.2, 0.05883],
 [26.4, 0.05855],
 [26.6, 0.05834],
 [26.8, 0.05849],
 [26.9, 0.05797],
 [27.0, 0.05836],
 [27.2, 0.05775],
 [27.4, 0.05805],
 [27.6, 0.05763],
 [27.8, 0.05765],
 [27.9, 0.05749],
 [28.1, 0.05717],
 [28.2, 0.0573],
 [28.4, 0.05672],
 [28.6, 0.05695],
 [28.7, 0.0564],
 [28.9, 0.05657],
 [29.1, 0.05617],
 [29.2, 0.05613],
 [29.4, 0.05627],
 [29.6, 0.05571],
 [29.8, 0.05599],
 [29.9, 0.05534],
 [30.1, 0.05572],
 [30.2, 0.05525],
 [30.4, 0.05542],
 [30.6, 0.05515],
 [30.7, 0.05502],
 [30.9, 0.05504],
 [31.1, 0.05458],
 [31.3, 0.05468],
 [31.4, 0.0541],
 [31.6, 0.0544],
 [31.8, 0.0539],
 [31.9, 0.05387],
 [32.1, 0.05372],
 [32.3, 0.05349],
 [32.4, 0.05376],
 [32.6, 0.05316],
 [32.7, 0.05354],
 [32.9, 0.05291],
 [33.1, 0.05318],
 [33.2, 0.05282],
 [33.4, 0.05293],
 [33.6, 0.0528],
 [33.7, 0.05242],
 [33.9, 0.05254],
 [34.1, 0.052],
 [34.3, 0.05225],
 [34.4, 0.05172],
 [34.6, 0.05186],
 [34.8, 0.05152],
 [34.9, 0.05136],
 [35.1, 0.05146],
 [35.2, 0.05096],
 [35.4, 0.05137],
 [35.6, 0.05075],
 [35.7, 0.05109],
 [35.9, 0.05068],
 [36.1, 0.05085],
 [36.3, 0.05064],
 [36.4, 0.05039],
 [36.6, 0.05045],
 [36.8, 0.04989],
 [36.9, 0.05011],
 [37.1, 0.04957],
 [37.2, 0.0498],
 [37.4, 0.04942],
 [37.6, 0.0494],
 [37.7, 0.04929],
 [37.9, 0.04896],
 [38.1, 0.04929],
 [38.3, 0.04866],
 [38.4, 0.04901],
 [38.6, 0.0485],
 [38.7, 0.04872],
 [38.9, 0.04835],
 [39.1, 0.04832],
 [39.2, 0.04828],
 [39.4, 0.04784],
 [39.6, 0.04801],
 [39.8, 0.04739],
 [40.0, 0.04765],
 [40.1, 0.04712],
 [40.3, 0.04727],
 [40.4, 0.04701],
 [40.6, 0.04674],
 [40.8, 0.04697],
 [40.9, 0.04638],
 [41.1, 0.04674],
 [41.3, 0.0462],
 [41.4, 0.04647],
 [41.6, 0.04608],
 [41.7, 0.04619],
 [42.0, 0.046],
 [42.1, 0.04572],
 [42.2, 0.04579],
 [42.4, 0.04529],
 [42.6, 0.04552],
 [42.8, 0.04504],
 [42.9, 0.04527],
 [43.1, 0.0448],
 [43.3, 0.04477],
 [43.4, 0.0447],
 [43.6, 0.04428],
 [43.7, 0.04459],
 [43.9, 0.04403],
 [44.1, 0.04441],
 [44.2, 0.04375],
 [44.4, 0.04395],
 [44.6, 0.04372],
 [44.8, 0.04359],
 [44.9, 0.04356],
 [45.1, 0.04314],
 [45.3, 0.04324],
 [45.4, 0.04268],
 [45.6, 0.04283],
 [45.8, 0.04246],
 [45.9, 0.04255],
 [46.1, 0.04236],
 [46.2, 0.0422],
 [46.5, 0.04225],
 [46.6, 0.04166],
 [46.8, 0.04207],
 [47.0, 0.04147],
 [47.1, 0.04174],
 [47.2, 0.04137],
 [47.4, 0.04145],
 [47.6, 0.04128],
 [47.8, 0.04099],
 [47.9, 0.0411],
 [48.1, 0.04054],
 [48.3, 0.04072],
 [48.4, 0.04025],
 [48.6, 0.04036],
 [48.8, 0.03999],
 [48.9, 0.03994],
 [49.1, 0.03984],
 [49.3, 0.03946],
 [49.5, 0.03971],
 [49.6, 0.03914],
 [49.8, 0.03955],
 [49.9, 0.03907],
 [50.1, 0.0391],
 [50.3, 0.03891],
 [50.4, 0.03881],
 [50.6, 0.03867],
 [50.8, 0.03831],
 [51.0, 0.03842],
 [51.1, 0.03789],
 [51.2, 0.03815],
 [51.5, 0.03766],
 [51.6, 0.03767],
 [51.7, 0.03762],
 [51.9, 0.03729],
 [52.1, 0.03747],
 [52.3, 0.03691],
 [52.4, 0.03723],
 [52.6, 0.0367],
 [52.8, 0.0369],
 [53.0, 0.03652],
 [53.1, 0.03666],
 [53.2, 0.03651],
 [53.4, 0.03619],
 [53.6, 0.03625],
 [53.8, 0.03569],
 [53.9, 0.03594],
 [54.1, 0.03537],
 [54.3, 0.03554],
 [54.5, 0.0352],
 [54.6, 0.03537],
 [54.8, 0.03507],
 [54.9, 0.03502],
 [55.1, 0.03497],
 [55.3, 0.03455],
 [55.4, 0.03466],
 [55.6, 0.03407],
 [55.8, 0.03439],
 [55.9, 0.03381],
 [56.1, 0.03393],
 [56.3, 0.03364],
 [56.5, 0.03345],
 [56.6, 0.03358],
 [56.8, 0.03308],
 [57.0, 0.0334],
 [57.1, 0.03285],
 [57.3, 0.0331],
 [57.4, 0.0327],
 [57.6, 0.03282],
 [57.8, 0.03264],
 [57.9, 0.0324],
 [58.1, 0.03241],
 [58.3, 0.03191],
 [58.5, 0.03206],
 [58.6, 0.03152],
 [58.8, 0.03175],
 [58.9, 0.03137],
 [59.1, 0.0313],
 [59.3, 0.03122],
 [59.4, 0.03087],
 [59.6, 0.03118],
 [59.8, 0.03061],
 [59.9, 0.03095]]
