[[14.9, 0.02127],
 [15.0, 0.02038],
 [15.0, 0.02023],
 [15.2, 0.0205],
 [15.3, 0.02009],
 [15.5, 0.02036],
 [15.7, 0.01999],
 [15.8, 0.02019],
 [16.0, 0.01996],
 [16.1, 0.01991],
 [16.3, 0.01997],
 [16.5, 0.01968],
 [16.6, 0.01993],
 [16.8, 0.0195],
 [17.0, 0.01981],
 [17.2, 0.01941],
 [17.4, 0.01962],
 [17.6, 0.01926],
 [17.8, 0.01936],
 [18.0, 0.01939],
 [18.1, 0.01907],
 [18.3, 0.01924],
 [18.5, 0.01882],
 [18.7, 0.01901],
 [18.9, 0.01872],
 [19.1, 0.01876],
 [19.2, 0.01873],
 [19.4, 0.01874],
 [19.6, 0.01869],
 [19.8, 0.0183],
 [19.9, 0.01858],
 [20.1, 0.01823],
 [20.2, 0.01845],
 [20.4, 0.01825],
 [20.6, 0.01827],
 [20.8, 0.01823],
 [21.0, 0.018],
 [21.1, 0.01804],
 [21.3, 0.01776],
 [21.5, 0.018],
 [21.7, 0.01764],
 [21.8, 0.01793],
 [22.0, 0.0176],
 [22.2, 0.01775],
 [22.3, 0.01762],
 [22.5, 0.01753],
 [22.7, 0.01757],
 [22.9, 0.01729],
 [23.0, 0.01748],
 [23.2, 0.01709],
 [23.4, 0.01732],
 [23.5, 0.017],
 [23.6, 0.01714],
 [23.8, 0.01702],
 [24.0, 0.01687],
 [24.2, 0.01707],
 [24.4, 0.01673],
 [24.5, 0.01701],
 [24.7, 0.01663],
 [24.9, 0.0169],
 [25.1, 0.01668],
 [25.2, 0.01673],
 [25.4, 0.01672],
 [25.5, 0.01653],
 [25.7, 0.01662],
 [25.9, 0.0163],
 [26.0, 0.01654],
 [26.2, 0.01615],
 [26.4, 0.01634],
 [26.6, 0.01613],
 [26.7, 0.01613],
 [26.9, 0.01618],
 [27.1, 0.01595],
 [27.2, 0.01618],
 [27.4, 0.01579],
 [27.5, 0.0161],
 [27.7, 0.01582],
 [27.9, 0.01598],
 [28.0, 0.01586],
 [28.2, 0.01579],
 [28.4, 0.01586],
 [28.6, 0.01555],
 [28.7, 0.01577],
 [28.9, 0.01538],
 [29.1, 0.01562],
 [29.2, 0.01531],
 [29.4, 0.01542],
 [29.6, 0.01535],
 [29.7, 0.01518],
 [29.9, 0.0154],
 [30.1, 0.01504],
 [30.3, 0.01535],
 [30.4, 0.01499],
 [30.6, 0.01525],
 [30.7, 0.01506],
 [30.9, 0.01509],
 [31.1, 0.01506],
 [31.3, 0.01487],
 [31.4, 0.01501],
 [31.6, 0.01469],
 [31.8, 0.01489],
 [31.9, 0.01457],
 [32.1, 0.01469],
 [32.2, 0.01458],
 [32.4, 0.01453],
 [32.6, 0.01459],
 [32.7, 0.01435],
 [32.9, 0.0146],
 [33.1, 0.01426],
 [33.2, 0.01454],
 [33.4, 0.01427],
 [33.6, 0.01443],
 [33.7, 0.01435],
 [33.9, 0.01425],
 [34.0, 0.01433],
 [34.3, 0.01404],
 [34.4, 0.01424],
 [34.6, 0.01385],
 [34.7, 0.0141],
 [34.9, 0.01382],
 [35.1, 0.0139],
 [35.3, 0.01385],
 [35.4, 0.0137],
 [35.6, 0.01391],
 [35.7, 0.01359],
 [35.9, 0.01386],
 [36.1, 0.01352],
 [36.2, 0.01376],
 [36.4, 0.01359],
 [36.6, 0.01362],
 [36.7, 0.01364],
 [37.0, 0.01343],
 [37.1, 0.01358],
 [37.3, 0.01323],
 [37.4, 0.01348],
 [37.6, 0.01315],
 [37.7, 0.01329],
 [37.9, 0.01313],
 [38.1, 0.01309],
 [38.3, 0.01322],
 [38.4, 0.01293],
 [38.6, 0.01321],
 [38.8, 0.01286],
 [38.9, 0.01315],
 [39.1, 0.01287],
 [39.3, 0.01304],
 [39.4, 0.01294],
 [39.6, 0.01284],
 [39.8, 0.01293],
 [39.9, 0.01265],
 [40.1, 0.01285],
 [40.3, 0.01247],
 [40.4, 0.01274],
 [40.6, 0.01245],
 [40.7, 0.01252],
 [40.9, 0.01254],
 [41.1, 0.01234],
 [41.3, 0.01257],
 [41.4, 0.01221],
 [41.6, 0.0125],
 [41.8, 0.01217],
 [42.0, 0.01241],
 [42.1, 0.01225],
 [42.2, 0.0123],
 [42.4, 0.0123],
 [42.6, 0.01207],
 [42.7, 0.01228],
 [42.9, 0.01191],
 [43.1, 0.01218],
 [43.3, 0.01182],
 [43.5, 0.01199],
 [43.6, 0.01183],
 [43.8, 0.01178],
 [43.9, 0.01187],
 [44.1, 0.01163],
 [44.3, 0.0119],
 [44.5, 0.01154],
 [44.6, 0.01185],
 [44.8, 0.01161],
 [44.9, 0.01172],
 [45.1, 0.01166],
 [45.2, 0.01156],
 [45.4, 0.01166],
 [45.5, 0.01134],
 [45.7, 0.01151],
 [45.9, 0.01123],
 [46.1, 0.01145],
 [46.3, 0.01126],
 [46.4, 0.01125],
 [46.6, 0.01125],
 [46.8, 0.01112],
 [46.9, 0.01132],
 [47.1, 0.01102],
 [47.3, 0.01128],
 [47.4, 0.01099],
 [47.6, 0.01119],
 [47.8, 0.01104],
 [47.9, 0.01109],
 [48.1, 0.01112],
 [48.2, 0.01086],
 [48.4, 0.01108],
 [48.6, 0.01069],
 [48.8, 0.01098],
 [48.9, 0.01063],
 [49.1, 0.0108],
 [49.3, 0.01066],
 [49.4, 0.01063],
 [49.6, 0.01075],
 [49.8, 0.01049],
 [50.0, 0.01079],
 [50.1, 0.01043],
 [50.2, 0.0107],
 [50.4, 0.01047],
 [50.6, 0.0106],
 [50.8, 0.01056],
 [50.9, 0.01041],
 [51.1, 0.01057],
 [51.2, 0.01024],
 [51.4, 0.0105],
 [51.6, 0.01014],
 [51.8, 0.01036],
 [51.9, 0.0101],
 [52.1, 0.0102],
 [52.3, 0.01019],
 [52.4, 0.01002],
 [52.6, 0.01026],
 [52.8, 0.009929],
 [52.9, 0.01024],
 [53.1, 0.009894],
 [53.3, 0.0101],
 [53.5, 0.00999],
 [53.6, 0.01002],
 [53.8, 0.01006],
 [54.0, 0.009827],
 [54.1, 0.01005],
 [54.3, 0.009684],
 [54.4, 0.009936],
 [54.6, 0.009602000000000001],
 [54.8, 0.009817000000000001],
 [54.9, 0.009644],
 [55.1, 0.009603],
 [55.3, 0.009753],
 [55.4, 0.009451000000000001],
 [55.6, 0.009784000000000001],
 [55.7, 0.009415],
 [55.9, 0.00973],
 [56.1, 0.009485],
 [56.3, 0.009602000000000001],
 [56.5, 0.009568],
 [56.6, 0.009428],
 [56.8, 0.00958],
 [57.0, 0.00929],
 [57.1, 0.009534],
 [57.3, 0.009159],
 [57.4, 0.009364],
 [57.6, 0.009141],
 [57.8, 0.009191000000000001],
 [57.9, 0.009243000000000001],
 [58.1, 0.009041],
 [58.3, 0.009301],
 [58.4, 0.00895],
 [58.6, 0.009311999999999999],
 [58.8, 0.008951],
 [59.0, 0.009209],
 [59.1, 0.009076],
 [59.2, 0.009067],
 [59.4, 0.009103],
 [59.6, 0.00887],
 [59.8, 0.009126],
 [60.0, 0.008744]]
