[[16.2, 0.1408],
 [16.1, 0.121],
 [16.1, 0.1147],
 [16.1, 0.1094],
 [16.1, 0.1092],
 [16.2, 0.1081],
 [16.2, 0.1046],
 [16.3, 0.1037],
 [16.4, 0.1015],
 [16.5, 0.1023],
 [16.7, 0.1018],
 [16.8, 0.1022],
 [16.9, 0.1004],
 [17.0, 0.1009],
 [17.2, 0.1013],
 [17.4, 0.1028],
 [17.5, 0.1051],
 [17.8, 0.1044],
 [17.9, 0.1009],
 [18.0, 0.1011],
 [18.2, 0.09968],
 [18.4, 0.1018],
 [18.5, 0.09922],
 [18.7, 0.1024],
 [18.9, 0.09906],
 [19.0, 0.09944],
 [19.1, 0.0987],
 [19.4, 0.09857],
 [19.5, 0.09864],
 [19.7, 0.09746],
 [19.8, 0.09838],
 [20.0, 0.09518],
 [20.1, 0.09682],
 [20.3, 0.09559],
 [20.5, 0.09713],
 [20.6, 0.09821],
 [20.8, 0.09551],
 [21.0, 0.09658],
 [21.1, 0.09423],
 [21.3, 0.09385],
 [21.5, 0.09647],
 [21.7, 0.09727],
 [21.8, 0.09626],
 [22.0, 0.09684],
 [22.2, 0.09728],
 [22.4, 0.09569],
 [22.5, 0.09746],
 [22.8, 0.09653],
 [22.9, 0.09537],
 [23.1, 0.0946],
 [23.2, 0.09453],
 [23.4, 0.09398],
 [23.6, 0.09665],
 [23.8, 0.09482],
 [23.9, 0.09466],
 [24.1, 0.09309],
 [24.3, 0.09199],
 [24.5, 0.09364],
 [24.6, 0.09462],
 [24.8, 0.09223],
 [24.9, 0.09369],
 [25.1, 0.09248],
 [25.3, 0.09255],
 [25.5, 0.09263],
 [25.6, 0.09237],
 [25.8, 0.09261],
 [26.0, 0.09311],
 [26.2, 0.09347],
 [26.3, 0.09459],
 [26.5, 0.09367],
 [26.6, 0.09423],
 [26.8, 0.09398],
 [27.0, 0.09315],
 [27.2, 0.09018],
 [27.3, 0.0893],
 [27.5, 0.09219],
 [27.7, 0.09333],
 [27.8, 0.09141],
 [28.0, 0.09097],
 [28.2, 0.09143],
 [28.3, 0.09084],
 [28.5, 0.0903],
 [28.7, 0.09023],
 [28.9, 0.09064],
 [29.1, 0.09088],
 [29.3, 0.09161],
 [29.4, 0.0908],
 [29.6, 0.09138],
 [29.8, 0.08986],
 [29.9, 0.09138],
 [30.0, 0.09023],
 [30.2, 0.08927],
 [30.4, 0.08961],
 [30.5, 0.08972],
 [30.7, 0.08964],
 [30.9, 0.0894],
 [31.1, 0.08961],
 [31.2, 0.08957],
 [31.4, 0.08843],
 [31.5, 0.08831],
 [31.7, 0.08984],
 [31.9, 0.08676],
 [32.0, 0.08835],
 [32.3, 0.08795],
 [32.4, 0.08545],
 [32.6, 0.08574],
 [32.7, 0.08803],
 [32.9, 0.08516],
 [33.1, 0.08377],
 [33.2, 0.08521],
 [33.4, 0.08475],
 [33.5, 0.08787],
 [33.7, 0.08647],
 [33.9, 0.08876],
 [34.1, 0.08799],
 [34.2, 0.08448],
 [34.4, 0.08422],
 [34.6, 0.08385],
 [34.7, 0.08476],
 [34.9, 0.08459],
 [35.1, 0.08667],
 [35.2, 0.08597],
 [35.4, 0.0856],
 [35.6, 0.08456],
 [35.7, 0.08522],
 [35.9, 0.08352],
 [36.1, 0.08168],
 [36.3, 0.08181],
 [36.4, 0.08348],
 [36.6, 0.08369],
 [36.7, 0.08157],
 [36.9, 0.08291],
 [37.1, 0.08392],
 [37.2, 0.08304],
 [37.4, 0.08259],
 [37.6, 0.08147],
 [37.8, 0.08257],
 [37.9, 0.07983],
 [38.1, 0.08038],
 [38.3, 0.08032],
 [38.4, 0.07978],
 [38.6, 0.08168],
 [38.7, 0.08194],
 [38.9, 0.0809],
 [39.1, 0.08111],
 [39.2, 0.08081],
 [39.4, 0.08058],
 [39.6, 0.08033],
 [39.7, 0.07913],
 [39.9, 0.0798],
 [40.1, 0.08185],
 [40.3, 0.07909],
 [40.4, 0.07939],
 [40.6, 0.08088],
 [40.8, 0.07925],
 [40.9, 0.08028],
 [41.1, 0.07655],
 [41.3, 0.07846],
 [41.4, 0.07725],
 [41.6, 0.07845],
 [41.7, 0.07749],
 [42.0, 0.07727],
 [42.1, 0.0766],
 [42.3, 0.07691],
 [42.4, 0.07571],
 [42.6, 0.0778],
 [42.8, 0.07655],
 [42.9, 0.07649],
 [43.1, 0.07551],
 [43.3, 0.07595],
 [43.4, 0.07423],
 [43.6, 0.07454],
 [43.8, 0.07322],
 [44.0, 0.07337],
 [44.1, 0.07231],
 [44.3, 0.07366],
 [44.4, 0.07435],
 [44.6, 0.07492],
 [44.8, 0.07395],
 [44.9, 0.07436],
 [45.1, 0.07522],
 [45.2, 0.07438],
 [45.4, 0.07356],
 [45.6, 0.07257],
 [45.7, 0.06984],
 [46.0, 0.07188],
 [46.1, 0.07115],
 [46.3, 0.07164],
 [46.4, 0.07105],
 [46.6, 0.07116],
 [46.8, 0.06942],
 [46.9, 0.06999],
 [47.1, 0.07017],
 [47.3, 0.07186],
 [47.4, 0.07025],
 [47.6, 0.06877],
 [47.8, 0.07011],
 [47.9, 0.07046],
 [48.1, 0.06648],
 [48.3, 0.06592],
 [48.4, 0.06704],
 [48.6, 0.06681],
 [48.7, 0.06757],
 [48.9, 0.06647],
 [49.1, 0.06837],
 [49.3, 0.06711],
 [49.4, 0.06748],
 [49.6, 0.06584],
 [49.8, 0.06341],
 [49.9, 0.06468],
 [50.1, 0.06592],
 [50.3, 0.06594],
 [50.5, 0.06536],
 [50.6, 0.06591],
 [50.8, 0.06473],
 [50.9, 0.06359],
 [51.1, 0.06492],
 [51.3, 0.06497],
 [51.5, 0.0652],
 [51.6, 0.06493],
 [51.7, 0.06559],
 [51.9, 0.06402],
 [52.1, 0.06348],
 [52.3, 0.06356],
 [52.4, 0.05989],
 [52.6, 0.06114],
 [52.8, 0.0627],
 [53.0, 0.06242],
 [53.1, 0.05997],
 [53.3, 0.06052],
 [53.4, 0.06141],
 [53.6, 0.06064],
 [53.8, 0.0592],
 [54.0, 0.05889],
 [54.1, 0.05795],
 [54.2, 0.05634],
 [54.4, 0.05548],
 [54.6, 0.05741],
 [54.7, 0.05849],
 [54.9, 0.05519],
 [55.1, 0.05533],
 [55.3, 0.05592],
 [55.4, 0.05673],
 [55.6, 0.05661],
 [55.8, 0.05506],
 [55.9, 0.05557],
 [56.1, 0.05505],
 [56.3, 0.05713],
 [56.4, 0.05571],
 [56.6, 0.05558],
 [56.8, 0.05649],
 [56.9, 0.05668],
 [57.1, 0.05507],
 [57.2, 0.05507],
 [57.5, 0.05519],
 [57.6, 0.05479],
 [57.8, 0.05541],
 [57.9, 0.05396],
 [58.1, 0.05393],
 [58.3, 0.05341],
 [58.5, 0.05319],
 [58.6, 0.05448],
 [58.8, 0.05147],
 [58.9, 0.05282],
 [59.1, 0.05278],
 [59.3, 0.05228],
 [59.5, 0.0506],
 [59.6, 0.04991],
 [59.8, 0.05133],
 [60.0, 0.05026]]
